Lon,Lat,C_KK10LonLatElev,B_KK10LonLatElev,U_KK10LonLatElev
-10.5000000000,51.5000000000,0.0604883499,0.3123049278,0.6272067223
-10.5000000000,52.5000000000,0.0492791137,0.2768939743,0.6738269121
-10.5000000000,53.5000000000,0.0439119550,0.2857534039,0.6703346411
-10.5000000000,54.5000000000,0.0558082458,0.2745486457,0.6696431085
-9.5000000000,38.5000000000,0.0981603742,0.1971909253,0.7046487005
-9.5000000000,39.5000000000,0.0972983242,0.2052104261,0.6974912498
-9.5000000000,42.5000000000,0.0831551451,0.2555237557,0.6613210992
-9.5000000000,43.5000000000,0.0757614401,0.2743451873,0.6498933726
-9.5000000000,51.5000000000,0.0638511605,0.3359852987,0.6001635408
-9.5000000000,52.5000000000,0.0563248285,0.3142267679,0.6294484036
-9.5000000000,53.5000000000,0.0525148369,0.3053414728,0.6421436903
-9.5000000000,54.5000000000,0.0583798351,0.2911823303,0.6504378346
-8.5000000000,37.5000000000,0.1120000215,0.1779798377,0.7100201408
-8.5000000000,38.5000000000,0.1167099745,0.1839637792,0.6993262463
-8.5000000000,39.5000000000,0.1070739994,0.1903214450,0.7026045556
-8.5000000000,40.5000000000,0.1076285246,0.2009362822,0.6914351932
-8.5000000000,41.5000000000,0.1058525421,0.2142230653,0.6799243926
-8.5000000000,42.5000000000,0.0994785492,0.2289612011,0.6715602497
-8.5000000000,43.5000000000,0.0857113010,0.2672822373,0.6470064616
-8.5000000000,51.5000000000,0.0549841953,0.3380129982,0.6070028065
-8.5000000000,52.5000000000,0.0529836567,0.3223420926,0.6246742507
-8.5000000000,53.5000000000,0.0546072551,0.3248203573,0.6205723876
-8.5000000000,54.5000000000,0.0625664458,0.3058805450,0.6315530092
-8.5000000000,55.5000000000,0.0572101812,0.2860751991,0.6567146197
-7.5000000000,37.5000000000,0.1218043384,0.1722134012,0.7059822604
-7.5000000000,38.5000000000,0.1268102704,0.1725126929,0.7006770367
-7.5000000000,39.5000000000,0.1280772507,0.1751636468,0.6967591025
-7.5000000000,40.5000000000,0.1305122288,0.1662671989,0.7032205722
-7.5000000000,41.5000000000,0.1283030674,0.1874287563,0.6842681762
-7.5000000000,42.5000000000,0.1236302262,0.2038716550,0.6724981188
-7.5000000000,43.5000000000,0.0980451517,0.2592323394,0.6427225090
-7.5000000000,51.5000000000,0.0392974510,0.3396698630,0.6210326860
-7.5000000000,52.5000000000,0.0521988676,0.3270366263,0.6207645062
-7.5000000000,53.5000000000,0.0579212588,0.3381699925,0.6039087488
-7.5000000000,54.5000000000,0.0692521133,0.3202821595,0.6104657271
-7.5000000000,55.5000000000,0.0668803580,0.2947693066,0.6383503354
-7.5000000000,57.5000000000,0.0523904905,0.2041590458,0.7434504637
-7.5000000000,58.5000000000,0.0526663549,0.1767208489,0.7706127962
-7.5000000000,62.5000000000,0.0673765815,0.1622141607,0.7704092578
-6.5000000000,35.5000000000,0.1482239029,0.1553626248,0.6964134724
-6.5000000000,36.5000000000,0.1414585072,0.1639551604,0.6945863324
-6.5000000000,37.5000000000,0.1472922268,0.1593707052,0.6933370680
-6.5000000000,38.5000000000,0.1573977391,0.1558459502,0.6867563107
-6.5000000000,39.5000000000,0.1517988389,0.1748961393,0.6733050219
-6.5000000000,40.5000000000,0.1568834510,0.1693453257,0.6737712234
-6.5000000000,41.5000000000,0.1485577366,0.1892032006,0.6622390628
-6.5000000000,42.5000000000,0.1612020043,0.1787158041,0.6600821916
-6.5000000000,43.5000000000,0.1085771289,0.2682993716,0.6231234995
-6.5000000000,52.5000000000,0.0508919888,0.3223833875,0.6267246237
-6.5000000000,53.5000000000,0.0571923351,0.3406461054,0.6021615595
-6.5000000000,54.5000000000,0.0721824953,0.3348148112,0.5930026935
-6.5000000000,55.5000000000,0.0692807084,0.3044715902,0.6262477014
-6.5000000000,56.5000000000,0.0597756490,0.2558813303,0.6843430207
-6.5000000000,57.5000000000,0.0556073619,0.1993511394,0.7450414987
-6.5000000000,58.5000000000,0.0513042868,0.1714485265,0.7772471867
-6.5000000000,61.5000000000,0.0605663822,0.1518192165,0.7876144013
-6.5000000000,62.5000000000,0.0662904890,0.1551236349,0.7785858762
-5.5000000000,35.5000000000,0.1767563076,0.1268284747,0.6964152177
-5.5000000000,36.5000000000,0.1730036368,0.1351534511,0.6918429121
-5.5000000000,37.5000000000,0.1699266828,0.1500822941,0.6799910231
-5.5000000000,38.5000000000,0.1806389643,0.1461274276,0.6732336081
-5.5000000000,39.5000000000,0.1818684901,0.1674596012,0.6506719087
-5.5000000000,40.5000000000,0.2013469654,0.1491422560,0.6495107786
-5.5000000000,41.5000000000,0.1719420859,0.1969098016,0.6311481124
-5.5000000000,42.5000000000,0.1724219733,0.2064945874,0.6210834392
-5.5000000000,43.5000000000,0.1198242173,0.2891494776,0.5910263051
-5.5000000000,50.5000000000,0.0379464699,0.2613998796,0.7006536505
-5.5000000000,51.5000000000,0.0419472355,0.2811560504,0.6768967140
-5.5000000000,54.5000000000,0.0660759941,0.3194952549,0.6144287510
-5.5000000000,55.5000000000,0.0650311890,0.2866358455,0.6483329655
-5.5000000000,56.5000000000,0.0655365466,0.2350341118,0.6994293416
-5.5000000000,57.5000000000,0.0629376986,0.1851560150,0.7519062864
-5.5000000000,58.5000000000,0.0516517404,0.1753768003,0.7729714593
-4.5000000000,35.5000000000,0.1830485299,0.1223412448,0.6946102253
-4.5000000000,36.5000000000,0.1798162513,0.1283163039,0.6918674448
-4.5000000000,37.5000000000,0.2035700306,0.1227397816,0.6736901878
-4.5000000000,38.5000000000,0.2183895196,0.1300782443,0.6515322362
-4.5000000000,39.5000000000,0.2335736317,0.1488177490,0.6176086193
-4.5000000000,40.5000000000,0.2694615539,0.1493526174,0.5811858287
-4.5000000000,41.5000000000,0.2271335399,0.1948799019,0.5779865582
-4.5000000000,42.5000000000,0.2042272726,0.2178670202,0.5779057072
-4.5000000000,43.5000000000,0.1336863248,0.3101645188,0.5561491564
-4.5000000000,47.5000000000,0.0330050622,0.2506483806,0.7163465572
-4.5000000000,48.5000000000,0.0306092617,0.2252515463,0.7441391920
-4.5000000000,50.5000000000,0.0347729043,0.2329116292,0.7323154665
-4.5000000000,51.5000000000,0.0372653759,0.2491031520,0.7136314722
-4.5000000000,52.5000000000,0.0435975950,0.2659526056,0.6904497994
-4.5000000000,53.5000000000,0.0484571880,0.2822637468,0.6692790653
-4.5000000000,54.5000000000,0.0537576485,0.2803158979,0.6659264537
-4.5000000000,55.5000000000,0.0597242026,0.2452052029,0.6950705945
-4.5000000000,56.5000000000,0.0726627252,0.2019476123,0.7253896625
-4.5000000000,57.5000000000,0.0644441866,0.1701414102,0.7654144033
-4.5000000000,58.5000000000,0.0536941943,0.1519687885,0.7943370172
-3.5000000000,35.5000000000,0.1971622317,0.1076592671,0.6951785011
-3.5000000000,36.5000000000,0.1906432319,0.1092436112,0.7001131569
-3.5000000000,37.5000000000,0.2444447253,0.0812068640,0.6743484107
-3.5000000000,38.5000000000,0.2393457755,0.1111475769,0.6495066475
-3.5000000000,39.5000000000,0.2639529500,0.1308562434,0.6051908065
-3.5000000000,40.5000000000,0.2854722362,0.1487518099,0.5657759538
-3.5000000000,41.5000000000,0.2840717240,0.1664263596,0.5495019165
-3.5000000000,42.5000000000,0.2247278842,0.2196707991,0.5556013167
-3.5000000000,43.5000000000,0.1296212771,0.3241329459,0.5462457770
-3.5000000000,47.5000000000,0.0382355228,0.2498646208,0.7118998564
-3.5000000000,48.5000000000,0.0317983697,0.2256395382,0.7425620921
-3.5000000000,50.5000000000,0.0324714161,0.2238146632,0.7437139207
-3.5000000000,51.5000000000,0.0361468982,0.2185226671,0.7453304347
-3.5000000000,52.5000000000,0.0443688028,0.2146125364,0.7410186608
-3.5000000000,53.5000000000,0.0445978666,0.2447154671,0.7106866662
-3.5000000000,54.5000000000,0.0498021173,0.2404883621,0.7097095206
-3.5000000000,55.5000000000,0.0571561517,0.2126458375,0.7301980108
-3.5000000000,56.5000000000,0.0637236240,0.1963437139,0.7399326621
-3.5000000000,57.5000000000,0.0613293578,0.1646753644,0.7739952778
-3.5000000000,58.5000000000,0.0511232923,0.1422133575,0.8066633502
-3.5000000000,59.5000000000,0.0492910465,0.1310936290,0.8196153245
-2.5000000000,35.5000000000,0.2010890235,0.0953487280,0.7035622485
-2.5000000000,36.5000000000,0.2036090842,0.0963815786,0.7000093372
-2.5000000000,37.5000000000,0.2389611979,0.0653134313,0.6957253708
-2.5000000000,38.5000000000,0.2702158445,0.0781911276,0.6515930279
-2.5000000000,39.5000000000,0.2787252068,0.1064807251,0.6147940680
-2.5000000000,40.5000000000,0.2954780461,0.1209055416,0.5836164122
-2.5000000000,41.5000000000,0.2913936071,0.1486560300,0.5599503629
-2.5000000000,42.5000000000,0.2251835062,0.2181968382,0.5566196556
-2.5000000000,43.5000000000,0.1319533829,0.3302218770,0.5378247401
-2.5000000000,46.5000000000,0.0535410894,0.2982668703,0.6481920404
-2.5000000000,47.5000000000,0.0429180166,0.2676136276,0.6894683558
-2.5000000000,48.5000000000,0.0345268540,0.2493053902,0.7161677558
-2.5000000000,49.5000000000,0.0353066211,0.2454708256,0.7192225533
-2.5000000000,50.5000000000,0.0319426838,0.2441683757,0.7238889404
-2.5000000000,51.5000000000,0.0321918066,0.2287859816,0.7390222119
-2.5000000000,52.5000000000,0.0344367288,0.2202895583,0.7452737129
-2.5000000000,53.5000000000,0.0389702525,0.2199002030,0.7411295445
-2.5000000000,54.5000000000,0.0484554531,0.1960626874,0.7554818595
-2.5000000000,55.5000000000,0.0504875383,0.1967870186,0.7527254431
-2.5000000000,56.5000000000,0.0518336133,0.2002222942,0.7479440925
-2.5000000000,57.5000000000,0.0547072234,0.1724651703,0.7728276063
-2.5000000000,58.5000000000,0.0488649636,0.1445943523,0.8065406841
-1.5000000000,35.5000000000,0.1605790657,0.0843014090,0.7551195253
-1.5000000000,36.5000000000,0.1918443569,0.0851973591,0.7229582840
-1.5000000000,37.5000000000,0.1869976951,0.0823812939,0.7306210110
-1.5000000000,38.5000000000,0.2438364681,0.0801020174,0.6760615146
-1.5000000000,39.5000000000,0.2745492166,0.0891725587,0.6362782247
-1.5000000000,40.5000000000,0.3229324582,0.0863308294,0.5907367124
-1.5000000000,41.5000000000,0.2706279840,0.1463232524,0.5830487636
-1.5000000000,42.5000000000,0.2261177298,0.2094398931,0.5644423771
-1.5000000000,43.5000000000,0.1653028328,0.2858843836,0.5488127837
-1.5000000000,44.5000000000,0.1339970879,0.3209381645,0.5450647476
-1.5000000000,45.5000000000,0.0983076959,0.3213723716,0.5803199325
-1.5000000000,46.5000000000,0.0718121130,0.2991492341,0.6290386529
-1.5000000000,47.5000000000,0.0520675900,0.2755028511,0.6724295588
-1.5000000000,48.5000000000,0.0407765247,0.2628118671,0.6964116082
-1.5000000000,49.5000000000,0.0359493340,0.2651484839,0.6989021821
-1.5000000000,50.5000000000,0.0359918459,0.2643600757,0.6996480784
-1.5000000000,51.5000000000,0.0337409011,0.2311383044,0.7351207945
-1.5000000000,52.5000000000,0.0321598019,0.2130014022,0.7548387959
-1.5000000000,53.5000000000,0.0356009980,0.1975795236,0.7668194783
-1.5000000000,54.5000000000,0.0374371450,0.1916880365,0.7708748185
-1.5000000000,55.5000000000,0.0426842850,0.1965243734,0.7607913416
-1.5000000000,57.5000000000,0.0456029270,0.1772448071,0.7771522660
-1.5000000000,59.5000000000,0.0519961815,0.1321374443,0.8158663742
-1.5000000000,60.5000000000,0.0533402576,0.1241411314,0.8225186111
-0.5000000000,35.5000000000,0.1655336029,0.0692086190,0.7652577781
-0.5000000000,37.5000000000,0.1803338422,0.0858131619,0.7338529959
-0.5000000000,38.5000000000,0.2304586453,0.0843700324,0.6851713222
-0.5000000000,39.5000000000,0.2471310601,0.1013493110,0.6515196288
-0.5000000000,40.5000000000,0.3162779805,0.0828689712,0.6008530483
-0.5000000000,41.5000000000,0.2859768425,0.1385668370,0.5754563205
-0.5000000000,42.5000000000,0.3309481073,0.1345396574,0.5345122353
-0.5000000000,43.5000000000,0.2141387998,0.2637422461,0.5221189540
-0.5000000000,44.5000000000,0.1738789160,0.3102964362,0.5158246478
-0.5000000000,45.5000000000,0.1160836301,0.3268590917,0.5570572782
-0.5000000000,46.5000000000,0.0870334655,0.3030733231,0.6098932114
-0.5000000000,47.5000000000,0.0590394094,0.2845861785,0.6563744121
-0.5000000000,48.5000000000,0.0496517268,0.2683695527,0.6819787204
-0.5000000000,49.5000000000,0.0389184798,0.2728434257,0.6882380945
-0.5000000000,50.5000000000,0.0367160409,0.2634913000,0.6997926590
-0.5000000000,51.5000000000,0.0353835614,0.2335455967,0.7310708419
-0.5000000000,52.5000000000,0.0320703075,0.2141533242,0.7537763683
-0.5000000000,53.5000000000,0.0309680246,0.2083954292,0.7606365462
-0.5000000000,54.5000000000,0.0340583257,0.1978380379,0.7681036364
-0.5000000000,60.5000000000,0.0600183977,0.1391082067,0.8008733955
0.5000000000,35.5000000000,0.1843766549,0.0593556084,0.7562677367
0.5000000000,36.5000000000,0.1711858349,0.0754465974,0.7533675677
0.5000000000,38.5000000000,0.2119545321,0.0926254846,0.6954199833
0.5000000000,40.5000000000,0.2714354970,0.1231850021,0.6053795009
0.5000000000,41.5000000000,0.3014214518,0.1433210525,0.5552574957
0.5000000000,42.5000000000,0.4126025983,0.1090073118,0.4783900899
0.5000000000,43.5000000000,0.2632284286,0.2548155042,0.4819560672
0.5000000000,44.5000000000,0.2179754030,0.3150906436,0.4669339534
0.5000000000,45.5000000000,0.1666836324,0.3221368752,0.5111794924
0.5000000000,46.5000000000,0.1069283285,0.3146061501,0.5784655214
0.5000000000,47.5000000000,0.0691010469,0.2923763403,0.6385226128
0.5000000000,48.5000000000,0.0544420401,0.2638812477,0.6816767121
0.5000000000,49.5000000000,0.0420617975,0.2674184432,0.6905197593
0.5000000000,50.5000000000,0.0384176844,0.2701485475,0.6914337681
0.5000000000,51.5000000000,0.0383496587,0.2520000980,0.7096502433
0.5000000000,52.5000000000,0.0383301582,0.2379106924,0.7237591494
0.5000000000,53.5000000000,0.0356735914,0.2373090271,0.7270173815
1.5000000000,35.5000000000,0.2212891656,0.0463474298,0.7323634046
1.5000000000,36.5000000000,0.1860489036,0.0701569043,0.7437941921
1.5000000000,38.5000000000,0.2128521969,0.0902455250,0.6969022781
1.5000000000,39.5000000000,0.2518028450,0.1072674566,0.6409296983
1.5000000000,41.5000000000,0.3504357338,0.1392191898,0.5103450764
1.5000000000,42.5000000000,0.5095456518,0.0973068125,0.3931475357
1.5000000000,43.5000000000,0.3608998778,0.2530111622,0.3860889600
1.5000000000,44.5000000000,0.3166078114,0.2967220759,0.3866701127
1.5000000000,45.5000000000,0.2604163321,0.2920989378,0.4474847301
1.5000000000,46.5000000000,0.1446621916,0.3098963598,0.5454414486
1.5000000000,47.5000000000,0.0820472073,0.2969079128,0.6210448799
1.5000000000,48.5000000000,0.0547206419,0.2683203913,0.6769589668
1.5000000000,49.5000000000,0.0475484784,0.2762419226,0.6762095990
1.5000000000,50.5000000000,0.0447834316,0.2945535542,0.6606630141
1.5000000000,51.5000000000,0.0437422798,0.2994904741,0.6567672462
1.5000000000,52.5000000000,0.0457864285,0.2911904689,0.6630231026
2.5000000000,35.5000000000,0.2398102080,0.0487082392,0.7114815528
2.5000000000,36.5000000000,0.2009452558,0.0684386140,0.7306161302
2.5000000000,39.5000000000,0.2670264670,0.1094673309,0.6235062020
2.5000000000,41.5000000000,0.3650779434,0.1501596144,0.4847624423
2.5000000000,42.5000000000,0.4483181899,0.1420396588,0.4096421513
2.5000000000,43.5000000000,0.4148514467,0.2181346361,0.3670139172
2.5000000000,44.5000000000,0.4493357784,0.2259900211,0.3246742005
2.5000000000,45.5000000000,0.3683793364,0.2316749827,0.3999456808
2.5000000000,46.5000000000,0.1674802187,0.3122375574,0.5202822239
2.5000000000,47.5000000000,0.0917366421,0.3125225713,0.5957407865
2.5000000000,48.5000000000,0.0590139175,0.3037728280,0.6372132545
2.5000000000,49.5000000000,0.0538491899,0.3168615363,0.6292892738
2.5000000000,50.5000000000,0.0521548227,0.3442135742,0.6036316031
2.5000000000,51.5000000000,0.0519509333,0.3712956733,0.5767533933
3.5000000000,35.5000000000,0.2573165548,0.0527493746,0.6899340706
3.5000000000,36.5000000000,0.2221921374,0.0681207900,0.7096870726
3.5000000000,39.5000000000,0.2787351898,0.1139161051,0.6073487052
3.5000000000,40.5000000000,0.2882538458,0.1407915091,0.5709546451
3.5000000000,41.5000000000,0.3367573936,0.1648406248,0.4984019816
3.5000000000,42.5000000000,0.3442556770,0.2072381669,0.4485061561
3.5000000000,43.5000000000,0.3377598268,0.2450441899,0.4171959834
3.5000000000,44.5000000000,0.4284511841,0.1884430574,0.3831057585
3.5000000000,45.5000000000,0.3236337880,0.2416551782,0.4347110338
3.5000000000,46.5000000000,0.1686550543,0.3157020530,0.5156428927
3.5000000000,47.5000000000,0.0950271744,0.3332396622,0.5717331634
3.5000000000,48.5000000000,0.0741931606,0.3486550550,0.5771517844
3.5000000000,49.5000000000,0.0681341969,0.3747363280,0.5571294750
3.5000000000,50.5000000000,0.0629712506,0.4213177872,0.5157109621
3.5000000000,51.5000000000,0.0660046537,0.4606961707,0.4732991755
4.5000000000,35.5000000000,0.2758014593,0.0620549096,0.6621436310
4.5000000000,36.5000000000,0.2516049481,0.0681053372,0.6802897147
4.5000000000,39.5000000000,0.2418799014,0.1189735061,0.6391465925
4.5000000000,40.5000000000,0.2671032844,0.1425961825,0.5903005330
4.5000000000,43.5000000000,0.2956572432,0.2496265687,0.4547161881
4.5000000000,44.5000000000,0.3230167339,0.2423405626,0.4346427035
4.5000000000,45.5000000000,0.2967193860,0.2551301620,0.4481504520
4.5000000000,46.5000000000,0.1752665989,0.3112882842,0.5134451169
4.5000000000,47.5000000000,0.1221685754,0.3393600685,0.5384713561
4.5000000000,48.5000000000,0.0985931518,0.3878555198,0.5135513284
4.5000000000,49.5000000000,0.0903352113,0.4265454519,0.4831193369
4.5000000000,50.5000000000,0.0785448732,0.4913468219,0.4301083049
4.5000000000,51.5000000000,0.0788292443,0.5569246518,0.3642461039
4.5000000000,52.5000000000,0.0800232575,0.5780818913,0.3418948512
4.5000000000,53.5000000000,0.0829759851,0.5431630539,0.3738609610
4.5000000000,60.5000000000,0.0998501329,0.2479364736,0.6522133935
4.5000000000,61.5000000000,0.1180855856,0.2366642419,0.6452501725
5.5000000000,35.5000000000,0.3036826461,0.0616950601,0.6346222938
5.5000000000,36.5000000000,0.2738578435,0.0741776609,0.6519644956
5.5000000000,43.5000000000,0.2872468788,0.2151062204,0.4976469008
5.5000000000,44.5000000000,0.3804798327,0.1750591404,0.4444610269
5.5000000000,45.5000000000,0.3320085905,0.2456335743,0.4223578352
5.5000000000,46.5000000000,0.2449202201,0.2959910325,0.4590887474
5.5000000000,47.5000000000,0.1722756051,0.3593992717,0.4683251232
5.5000000000,48.5000000000,0.1398707908,0.3971460664,0.4629831427
5.5000000000,49.5000000000,0.1184960867,0.4528373669,0.4286665464
5.5000000000,50.5000000000,0.1002499034,0.5325719304,0.3671781662
5.5000000000,51.5000000000,0.0914736396,0.6281488557,0.2803775047
5.5000000000,52.5000000000,0.0937081483,0.6600919567,0.2461998950
5.5000000000,53.5000000000,0.0881907813,0.6178896694,0.2939195493
5.5000000000,58.5000000000,0.0968015215,0.3030705158,0.6001279627
5.5000000000,59.5000000000,0.1076455136,0.2707138763,0.6216406100
5.5000000000,60.5000000000,0.1310047595,0.2384068837,0.6305883567
5.5000000000,61.5000000000,0.1525033400,0.2201226645,0.6273739954
5.5000000000,62.5000000000,0.1470890998,0.2458336821,0.6070772181
6.5000000000,35.5000000000,0.3436158196,0.0580647664,0.5983194140
6.5000000000,36.5000000000,0.2887483455,0.0854488231,0.6258028314
6.5000000000,37.5000000000,0.2417409967,0.1237929881,0.6344660152
6.5000000000,43.5000000000,0.2928540488,0.1933785948,0.5137673564
6.5000000000,44.5000000000,0.5158042760,0.0928433030,0.3913524210
6.5000000000,45.5000000000,0.5494221490,0.1082911635,0.3422866875
6.5000000000,46.5000000000,0.3863006630,0.2160005971,0.3976987399
6.5000000000,47.5000000000,0.2840807452,0.3088050253,0.4071142295
6.5000000000,48.5000000000,0.2017308850,0.3933715740,0.4048975410
6.5000000000,49.5000000000,0.1458121161,0.4700581446,0.3841297393
6.5000000000,50.5000000000,0.1264483904,0.5294851904,0.3440664192
6.5000000000,51.5000000000,0.0968944418,0.6626174722,0.2404880859
6.5000000000,52.5000000000,0.1063330830,0.7014259467,0.1922409703
6.5000000000,53.5000000000,0.0952166875,0.6373946533,0.2673886593
6.5000000000,58.5000000000,0.1236047513,0.2875394969,0.5888557518
6.5000000000,59.5000000000,0.1570500661,0.2198226840,0.6231272499
6.5000000000,60.5000000000,0.1779404903,0.2024006171,0.6196588926
6.5000000000,61.5000000000,0.1891344346,0.2024095564,0.6084560091
6.5000000000,62.5000000000,0.1713305337,0.2427460215,0.5859234448
7.5000000000,35.5000000000,0.3608912080,0.0690345750,0.5700742170
7.5000000000,36.5000000000,0.3054427570,0.1003891001,0.5941681429
7.5000000000,37.5000000000,0.2462494300,0.1430364123,0.6107141576
7.5000000000,43.5000000000,0.3117351511,0.2304209548,0.4578438941
7.5000000000,44.5000000000,0.4625856489,0.1501604289,0.3872539222
7.5000000000,45.5000000000,0.5530125130,0.1135393828,0.3334481042
7.5000000000,46.5000000000,0.5242403266,0.1371857300,0.3385739434
7.5000000000,47.5000000000,0.3472161541,0.2996110452,0.3531728007
7.5000000000,48.5000000000,0.2447047655,0.3903973712,0.3648978633
7.5000000000,49.5000000000,0.1856865523,0.4543886135,0.3599248343
7.5000000000,50.5000000000,0.1374389080,0.5352345330,0.3273265590
7.5000000000,51.5000000000,0.1160127707,0.6049630960,0.2790241333
7.5000000000,52.5000000000,0.1036546642,0.6353741596,0.2609711762
7.5000000000,53.5000000000,0.0880591773,0.5720632457,0.3398775770
7.5000000000,58.5000000000,0.1402582507,0.3026114081,0.5571303412
7.5000000000,59.5000000000,0.2036632682,0.2182065266,0.5781302051
7.5000000000,60.5000000000,0.2364827190,0.1844733797,0.5790439013
7.5000000000,61.5000000000,0.2343172037,0.1920862436,0.5735965527
7.5000000000,62.5000000000,0.2167562102,0.2191531054,0.5640906844
7.5000000000,63.5000000000,0.1746085503,0.2802486340,0.5451428157
8.5000000000,35.5000000000,0.3716118623,0.0845691358,0.5438190019
8.5000000000,36.5000000000,0.3197372261,0.1156955449,0.5645672289
8.5000000000,37.5000000000,0.2734696964,0.1570542509,0.5694760527
8.5000000000,38.5000000000,0.2732541046,0.1722941619,0.5544517334
8.5000000000,39.5000000000,0.2835623148,0.1812308876,0.5352067976
8.5000000000,40.5000000000,0.2938675396,0.1960472183,0.5100852420
8.5000000000,41.5000000000,0.2823176582,0.2369267112,0.4807556307
8.5000000000,42.5000000000,0.3172125261,0.2401198560,0.4426676179
8.5000000000,43.5000000000,0.3365623673,0.2638162423,0.3996213904
8.5000000000,44.5000000000,0.3768997837,0.2428527559,0.3802474603
8.5000000000,45.5000000000,0.3601113319,0.2512669562,0.3886217118
8.5000000000,46.5000000000,0.5043914642,0.1283329324,0.3672756034
8.5000000000,47.5000000000,0.3173059562,0.2923376609,0.3903563829
8.5000000000,48.5000000000,0.2583041360,0.3530275148,0.3886683492
8.5000000000,49.5000000000,0.1738827912,0.4705004223,0.3556167865
8.5000000000,50.5000000000,0.1506940537,0.5065062706,0.3427996757
8.5000000000,51.5000000000,0.1304126922,0.5303785125,0.3392087953
8.5000000000,52.5000000000,0.0956944726,0.5493086202,0.3549969072
8.5000000000,53.5000000000,0.0773137683,0.4762307289,0.4464555028
8.5000000000,54.5000000000,0.0614236177,0.4063068491,0.5322695332
8.5000000000,55.5000000000,0.0636607176,0.3638237352,0.5725155472
8.5000000000,56.5000000000,0.0684070757,0.3475559497,0.5840369745
8.5000000000,57.5000000000,0.0816483176,0.3702970960,0.5480545865
8.5000000000,58.5000000000,0.1248316434,0.3554837186,0.5196846381
8.5000000000,59.5000000000,0.1950382953,0.2829606144,0.5220010903
8.5000000000,60.5000000000,0.2461955810,0.2307299327,0.5230744863
8.5000000000,61.5000000000,0.2806231768,0.1899448359,0.5294319872
8.5000000000,62.5000000000,0.2590518600,0.2048508327,0.5360973072
8.5000000000,63.5000000000,0.1945427218,0.2823666053,0.5230906730
9.5000000000,35.5000000000,0.3620320438,0.1151520195,0.5228159367
9.5000000000,36.5000000000,0.3338239038,0.1322764854,0.5338996107
9.5000000000,37.5000000000,0.2967284732,0.1689933119,0.5342782148
9.5000000000,39.5000000000,0.2979411791,0.1939982128,0.5080606081
9.5000000000,40.5000000000,0.3076763504,0.2091591355,0.4831645140
9.5000000000,41.5000000000,0.3070544161,0.2530079236,0.4399376603
9.5000000000,42.5000000000,0.3610483919,0.2478864809,0.3910651272
9.5000000000,44.5000000000,0.4080767774,0.2391672492,0.3527559734
9.5000000000,45.5000000000,0.3395943717,0.2748605549,0.3855450734
9.5000000000,46.5000000000,0.4964534113,0.1257186711,0.3778279177
9.5000000000,47.5000000000,0.3272229037,0.2735904618,0.3991866345
9.5000000000,48.5000000000,0.2412304371,0.3659656397,0.3928039232
9.5000000000,49.5000000000,0.2059788372,0.4358325784,0.3581885844
9.5000000000,50.5000000000,0.1856143643,0.4618625722,0.3525230635
9.5000000000,51.5000000000,0.1340860533,0.4963315255,0.3695824212
9.5000000000,52.5000000000,0.0995667156,0.4894961878,0.4109370965
9.5000000000,53.5000000000,0.0776821683,0.4243156242,0.4980022076
9.5000000000,54.5000000000,0.0621603066,0.3598665908,0.5779731026
9.5000000000,55.5000000000,0.0610763369,0.3459563265,0.5929673365
9.5000000000,56.5000000000,0.0696595811,0.3508701024,0.5794703165
9.5000000000,57.5000000000,0.0860949695,0.3904579065,0.5234471240
9.5000000000,58.5000000000,0.1128755248,0.4169522314,0.4701722438
9.5000000000,59.5000000000,0.1700879382,0.3751329985,0.4547790633
9.5000000000,60.5000000000,0.2343786184,0.3110367681,0.4545846136
9.5000000000,61.5000000000,0.2775363166,0.2471387056,0.4753249778
9.5000000000,62.5000000000,0.2771407023,0.2063656990,0.5164935987
9.5000000000,63.5000000000,0.2031192881,0.2835178102,0.5133629017
10.5000000000,35.5000000000,0.3550412377,0.1498106361,0.4951481262
10.5000000000,36.5000000000,0.3377448544,0.1599253357,0.5023298099
10.5000000000,37.5000000000,0.3246697330,0.1798403892,0.4954898777
10.5000000000,42.5000000000,0.3000836676,0.3192928299,0.3806235025
10.5000000000,43.5000000000,0.3554797008,0.3019527255,0.3425675737
10.5000000000,44.5000000000,0.4206097337,0.2508583811,0.3285318852
10.5000000000,45.5000000000,0.3501922613,0.2684783105,0.3813294282
10.5000000000,46.5000000000,0.5232568672,0.1041050221,0.3726381107
10.5000000000,47.5000000000,0.4360286491,0.1958728784,0.3680984725
10.5000000000,48.5000000000,0.3102400042,0.3408878487,0.3488721471
10.5000000000,49.5000000000,0.3006326456,0.3826019217,0.3167654326
10.5000000000,50.5000000000,0.2731235330,0.4034135723,0.3234628947
10.5000000000,51.5000000000,0.1976005122,0.4371090310,0.3652904567
10.5000000000,52.5000000000,0.1283888597,0.4527078282,0.4189033121
10.5000000000,53.5000000000,0.0915495507,0.4093765696,0.4990738797
10.5000000000,54.5000000000,0.0661794352,0.3711515406,0.5626690242
10.5000000000,55.5000000000,0.0622640682,0.3770177058,0.5607182260
10.5000000000,56.5000000000,0.0717223765,0.3941574939,0.5341201296
10.5000000000,57.5000000000,0.0942805747,0.4293907413,0.4763286840
10.5000000000,59.5000000000,0.1572692850,0.4539959295,0.3887347855
10.5000000000,60.5000000000,0.2273588399,0.3881452519,0.3844959083
10.5000000000,61.5000000000,0.2777179334,0.2906215264,0.4316605402
10.5000000000,62.5000000000,0.2517355338,0.2405437581,0.5077207081
10.5000000000,63.5000000000,0.2124682930,0.2894254236,0.4981062834
10.5000000000,64.5000000000,0.2072084522,0.3030782305,0.4897133174
11.5000000000,35.5000000000,0.3569031837,0.1670572287,0.4760395875
11.5000000000,36.5000000000,0.3391696712,0.1790024034,0.4818279254
11.5000000000,42.5000000000,0.2671470399,0.3142737598,0.4185792003
11.5000000000,43.5000000000,0.3189949830,0.2826751701,0.3983298469
11.5000000000,44.5000000000,0.3165805785,0.3099136616,0.3735057599
11.5000000000,45.5000000000,0.3329596839,0.2924027824,0.3746375337
11.5000000000,46.5000000000,0.5229685191,0.1448302311,0.3322012498
11.5000000000,47.5000000000,0.5255003058,0.1796268460,0.2948728482
11.5000000000,48.5000000000,0.4274244873,0.3017807749,0.2707947378
11.5000000000,49.5000000000,0.4504899005,0.3048345310,0.2446755684
11.5000000000,50.5000000000,0.4210367335,0.3212089899,0.2577542766
11.5000000000,51.5000000000,0.2510042415,0.4198423562,0.3291534023
11.5000000000,52.5000000000,0.1611240194,0.4378153237,0.4010606568
11.5000000000,53.5000000000,0.1107902131,0.4126884208,0.4765213661
11.5000000000,54.5000000000,0.0743846648,0.3987055028,0.5269098324
11.5000000000,55.5000000000,0.0668565295,0.4148282075,0.5183152630
11.5000000000,57.5000000000,0.0921325188,0.4766553322,0.4312121490
11.5000000000,58.5000000000,0.1358968898,0.4911855848,0.3729175254
11.5000000000,59.5000000000,0.1841786362,0.4660934459,0.3497279179
11.5000000000,60.5000000000,0.2317424820,0.4181866809,0.3500708371
11.5000000000,61.5000000000,0.2806139066,0.3299985893,0.3893875041
11.5000000000,62.5000000000,0.2890989150,0.2661273712,0.4447737139
11.5000000000,63.5000000000,0.2508461059,0.2949750675,0.4541788265
11.5000000000,64.5000000000,0.2288946101,0.3196032182,0.4515021717
11.5000000000,65.5000000000,0.2033823243,0.3334374008,0.4631802749
12.5000000000,37.5000000000,0.3367391476,0.1992421810,0.4640186714
12.5000000000,38.5000000000,0.2930642343,0.2420332671,0.4649024986
12.5000000000,41.5000000000,0.1966234661,0.3518354557,0.4515410782
12.5000000000,42.5000000000,0.2230678745,0.2978607005,0.4790714250
12.5000000000,43.5000000000,0.2451441794,0.2865966351,0.4682591855
12.5000000000,44.5000000000,0.2500377232,0.3439257037,0.4060365731
12.5000000000,45.5000000000,0.3037627869,0.3356620614,0.3605751518
12.5000000000,46.5000000000,0.5681434059,0.1490801788,0.2827764153
12.5000000000,47.5000000000,0.6327788431,0.1500586864,0.2171624705
12.5000000000,48.5000000000,0.5443044697,0.2566550188,0.1990405115
12.5000000000,49.5000000000,0.6028067621,0.2234639780,0.1737292598
12.5000000000,50.5000000000,0.5299543600,0.2610503888,0.2089952511
12.5000000000,51.5000000000,0.3221264667,0.3815801724,0.2962933609
12.5000000000,52.5000000000,0.2210573442,0.3928247449,0.3861179109
12.5000000000,53.5000000000,0.1358861362,0.3949848624,0.4691290014
12.5000000000,54.5000000000,0.0922058420,0.3931450167,0.5146491413
12.5000000000,55.5000000000,0.0725664633,0.4181142252,0.5093193115
12.5000000000,56.5000000000,0.0808289771,0.4603750243,0.4587959986
12.5000000000,57.5000000000,0.1120885433,0.4865029161,0.4014085405
12.5000000000,58.5000000000,0.1519774020,0.5076692588,0.3403533392
12.5000000000,59.5000000000,0.2086624830,0.4781021151,0.3132354019
12.5000000000,60.5000000000,0.2665844153,0.4162955909,0.3171199938
12.5000000000,61.5000000000,0.3155937059,0.3357777669,0.3486285272
12.5000000000,62.5000000000,0.3418280317,0.2773298096,0.3808421587
12.5000000000,63.5000000000,0.3155198374,0.2811466482,0.4033335143
12.5000000000,64.5000000000,0.2802390833,0.3043328788,0.4154280379
12.5000000000,65.5000000000,0.2400553510,0.3228341400,0.4371105089
12.5000000000,66.5000000000,0.1930758027,0.3510078282,0.4559163690
12.5000000000,67.5000000000,0.1730909527,0.3525373923,0.4743716550
13.5000000000,37.5000000000,0.3567489458,0.1936426191,0.4496084350
13.5000000000,38.5000000000,0.2790088518,0.2661967587,0.4547943895
13.5000000000,41.5000000000,0.2206152798,0.3053663725,0.4740183477
13.5000000000,42.5000000000,0.2551940756,0.2534297838,0.4913761406
13.5000000000,43.5000000000,0.2064208078,0.3381899887,0.4553892035
13.5000000000,44.5000000000,0.2552421607,0.3397100872,0.4050477521
13.5000000000,45.5000000000,0.3356961473,0.3145121864,0.3497916663
13.5000000000,46.5000000000,0.5618271297,0.1747611436,0.2634117267
13.5000000000,47.5000000000,0.6991191720,0.1291166666,0.1717641615
13.5000000000,48.5000000000,0.6703266292,0.1870059497,0.1426674211
13.5000000000,49.5000000000,0.6961260514,0.1736013360,0.1302726126
13.5000000000,50.5000000000,0.6077635801,0.2219999627,0.1702364572
13.5000000000,51.5000000000,0.3987276518,0.3365867446,0.2646856036
13.5000000000,52.5000000000,0.2686207893,0.3714299995,0.3599492112
13.5000000000,53.5000000000,0.1613029007,0.3874780267,0.4512190727
13.5000000000,54.5000000000,0.1155772453,0.4006344676,0.4837882872
13.5000000000,55.5000000000,0.0918001508,0.4379432604,0.4702565888
13.5000000000,56.5000000000,0.1091614286,0.4757920723,0.4150464991
13.5000000000,57.5000000000,0.1516772712,0.4833987703,0.3649239585
13.5000000000,58.5000000000,0.1897993716,0.5086420421,0.3015585863
13.5000000000,59.5000000000,0.2438731742,0.4859149006,0.2702119252
13.5000000000,60.5000000000,0.3163838761,0.4082772373,0.2753388866
13.5000000000,61.5000000000,0.3592290635,0.3443723856,0.2963985509
13.5000000000,62.5000000000,0.3894154217,0.3040585760,0.3065260022
13.5000000000,63.5000000000,0.3774508051,0.2996092285,0.3229399664
13.5000000000,64.5000000000,0.3501242746,0.2917469160,0.3581288094
13.5000000000,65.5000000000,0.3014149863,0.2941800396,0.4044049742
13.5000000000,66.5000000000,0.2271518493,0.3334660561,0.4393820946
13.5000000000,67.5000000000,0.1719900666,0.3756283436,0.4523815898
13.5000000000,68.5000000000,0.1549677092,0.3801568076,0.4648754832
14.5000000000,35.5000000000,0.3629958251,0.2084452141,0.4285589608
14.5000000000,36.5000000000,0.3310091105,0.2276045795,0.4413863100
14.5000000000,37.5000000000,0.3711217892,0.1931598309,0.4357183799
14.5000000000,38.5000000000,0.2842049592,0.2826190047,0.4331760361
14.5000000000,40.5000000000,0.2113923679,0.3568458894,0.4317617428
14.5000000000,41.5000000000,0.2390910359,0.3031201622,0.4577888019
14.5000000000,42.5000000000,0.1885269331,0.3614844494,0.4499886175
14.5000000000,44.5000000000,0.2561177635,0.3367869578,0.4070952786
14.5000000000,45.5000000000,0.3960525669,0.2488293784,0.3551180548
14.5000000000,46.5000000000,0.5366476212,0.1944782298,0.2688741490
14.5000000000,47.5000000000,0.6900004540,0.1309368481,0.1790626979
14.5000000000,48.5000000000,0.6770255615,0.1720678930,0.1509065455
14.5000000000,49.5000000000,0.6894356926,0.1741226265,0.1364416809
14.5000000000,50.5000000000,0.6013947589,0.2284889304,0.1701163106
14.5000000000,51.5000000000,0.4470606545,0.3085225033,0.2444168422
14.5000000000,52.5000000000,0.3056309992,0.3611951796,0.3331738212
14.5000000000,53.5000000000,0.2021061164,0.3834619809,0.4144319026
14.5000000000,54.5000000000,0.1377780857,0.4098824135,0.4523395008
14.5000000000,55.5000000000,0.1140804161,0.4505084666,0.4354111174
14.5000000000,56.5000000000,0.1365599454,0.4774090266,0.3860310280
14.5000000000,57.5000000000,0.1884559607,0.4726425030,0.3389015364
14.5000000000,58.5000000000,0.2366440891,0.4910726756,0.2722832353
14.5000000000,59.5000000000,0.3184624241,0.4546940775,0.2268434984
14.5000000000,60.5000000000,0.3848327841,0.3964876675,0.2186795484
14.5000000000,61.5000000000,0.4312603404,0.3434224794,0.2253171802
14.5000000000,62.5000000000,0.4407778344,0.3258710443,0.2333511212
14.5000000000,63.5000000000,0.4264784850,0.3255122376,0.2480092774
14.5000000000,64.5000000000,0.4079769440,0.2941541436,0.2978689124
14.5000000000,65.5000000000,0.3560911918,0.2805129496,0.3633958586
14.5000000000,66.5000000000,0.2783671893,0.2975773215,0.4240554892
14.5000000000,67.5000000000,0.1829481833,0.3880063519,0.4290454648
14.5000000000,68.5000000000,0.1557181998,0.4029590401,0.4413227601
15.5000000000,36.5000000000,0.3260097494,0.2449521496,0.4290381011
15.5000000000,37.5000000000,0.3185804553,0.2579665846,0.4234529601
15.5000000000,38.5000000000,0.2981998575,0.2866492198,0.4151509227
15.5000000000,39.5000000000,0.2294106963,0.3535031055,0.4170861982
15.5000000000,40.5000000000,0.2718660282,0.2993250191,0.4288089528
15.5000000000,41.5000000000,0.2120145336,0.3610989135,0.4268865529
15.5000000000,43.5000000000,0.2174829554,0.3606230025,0.4218940421
15.5000000000,44.5000000000,0.3182437403,0.2652035187,0.4165527410
15.5000000000,45.5000000000,0.3679533365,0.2731909853,0.3588556782
15.5000000000,46.5000000000,0.4758475794,0.2330828493,0.2910695713
15.5000000000,47.5000000000,0.6230863051,0.1589820162,0.2179316787
15.5000000000,48.5000000000,0.6215364088,0.1888125602,0.1896510311
15.5000000000,49.5000000000,0.6835969411,0.1649966047,0.1514064542
15.5000000000,50.5000000000,0.6387907875,0.1983729107,0.1628363018
15.5000000000,51.5000000000,0.4980909490,0.2760073565,0.2259016945
15.5000000000,52.5000000000,0.3486573586,0.3365643553,0.3147782861
15.5000000000,53.5000000000,0.2358585775,0.3681416373,0.3959997852
15.5000000000,54.5000000000,0.1669741383,0.3970024670,0.4360233947
15.5000000000,55.5000000000,0.1433951933,0.4286162576,0.4279885491
15.5000000000,56.5000000000,0.1726908410,0.4445900279,0.3827191311
15.5000000000,57.5000000000,0.2315224875,0.4472096788,0.3212678337
15.5000000000,58.5000000000,0.2773516615,0.4705627853,0.2520855532
15.5000000000,59.5000000000,0.3514634950,0.4456873023,0.2028492027
15.5000000000,60.5000000000,0.4338682447,0.3853069453,0.1808248100
15.5000000000,61.5000000000,0.4776100459,0.3454793018,0.1769106523
15.5000000000,62.5000000000,0.4853479338,0.3264738469,0.1881782193
15.5000000000,63.5000000000,0.4610679257,0.3268648694,0.2120672049
15.5000000000,64.5000000000,0.4212858641,0.3201956545,0.2585184814
15.5000000000,65.5000000000,0.3813876411,0.2993646639,0.3192476950
15.5000000000,66.5000000000,0.3278332421,0.2923914221,0.3797753358
15.5000000000,67.5000000000,0.2202280116,0.3811086639,0.3986633245
15.5000000000,68.5000000000,0.1692862811,0.4220367739,0.4086769449
15.5000000000,69.5000000000,0.1449219088,0.4476522500,0.4074258411
16.5000000000,37.5000000000,0.2925933686,0.2869800431,0.4204265883
16.5000000000,38.5000000000,0.3028121767,0.2890398430,0.4081479803
16.5000000000,39.5000000000,0.3161987959,0.2762819393,0.4075192648
16.5000000000,40.5000000000,0.2651356882,0.3332905769,0.4015737349
16.5000000000,41.5000000000,0.2144519583,0.3886418657,0.3969061759
16.5000000000,42.5000000000,0.2276212988,0.3807043443,0.3916743570
16.5000000000,43.5000000000,0.2814305833,0.3166500087,0.4019194080
16.5000000000,44.5000000000,0.3674756657,0.2432197781,0.3893045562
16.5000000000,45.5000000000,0.3697717598,0.2886118713,0.3416163688
16.5000000000,46.5000000000,0.4391444030,0.2605676841,0.3002879129
16.5000000000,47.5000000000,0.4994786758,0.2336483993,0.2668729249
16.5000000000,48.5000000000,0.5150518639,0.2376715558,0.2472765803
16.5000000000,49.5000000000,0.6259833953,0.1887990949,0.1852175098
16.5000000000,50.5000000000,0.6264848485,0.1978731231,0.1756420284
16.5000000000,51.5000000000,0.4718127986,0.2876102375,0.2405769639
16.5000000000,52.5000000000,0.3404077374,0.3365472065,0.3230450561
16.5000000000,53.5000000000,0.2590158867,0.3470151006,0.3939690127
16.5000000000,54.5000000000,0.1984638197,0.3638182120,0.4377179683
16.5000000000,56.5000000000,0.1916728789,0.4249148059,0.3834123152
16.5000000000,57.5000000000,0.2513471470,0.4371443441,0.3115085088
16.5000000000,58.5000000000,0.3134464641,0.4495145791,0.2370389567
16.5000000000,59.5000000000,0.3818232484,0.4283035949,0.1898731568
16.5000000000,60.5000000000,0.4587146649,0.3795743615,0.1617109736
16.5000000000,61.5000000000,0.5031435161,0.3468927330,0.1499637509
16.5000000000,62.5000000000,0.5155018237,0.3222918037,0.1622063726
16.5000000000,63.5000000000,0.4804613408,0.3309090348,0.1886296244
16.5000000000,64.5000000000,0.4405901447,0.3285615932,0.2308482621
16.5000000000,65.5000000000,0.3872761845,0.3284546951,0.2842691204
16.5000000000,66.5000000000,0.3462116899,0.3150705390,0.3387177711
16.5000000000,67.5000000000,0.2857616841,0.3362428662,0.3779954497
16.5000000000,68.5000000000,0.1873081931,0.4363853174,0.3763064895
16.5000000000,69.5000000000,0.1522451062,0.4725597302,0.3751951635
17.5000000000,38.5000000000,0.2853106410,0.3111973816,0.4034919774
17.5000000000,39.5000000000,0.2786214150,0.3365666679,0.3848119171
17.5000000000,40.5000000000,0.2619247682,0.3573702874,0.3807049444
17.5000000000,41.5000000000,0.2407639572,0.3841536823,0.3750823605
17.5000000000,42.5000000000,0.2705313665,0.3642573336,0.3652112999
17.5000000000,43.5000000000,0.3839056648,0.2528149839,0.3632793513
17.5000000000,44.5000000000,0.3987197977,0.2529775523,0.3483026500
17.5000000000,45.5000000000,0.3779714671,0.2959596052,0.3260689277
17.5000000000,46.5000000000,0.4351425540,0.2702546470,0.2946027989
17.5000000000,47.5000000000,0.4733083083,0.2546925721,0.2719991196
17.5000000000,48.5000000000,0.4804867423,0.2563734891,0.2631397686
17.5000000000,49.5000000000,0.5670930327,0.2208740288,0.2120329386
17.5000000000,50.5000000000,0.5628940570,0.2319106743,0.2051952687
17.5000000000,51.5000000000,0.4479306802,0.2918484222,0.2602208976
17.5000000000,52.5000000000,0.3264386871,0.3382740915,0.3352872214
17.5000000000,53.5000000000,0.2659664079,0.3469789016,0.3870546905
17.5000000000,54.5000000000,0.2187861045,0.3423442839,0.4388696116
17.5000000000,57.5000000000,0.2602764954,0.4266198336,0.3131036710
17.5000000000,58.5000000000,0.3272393117,0.4320859289,0.2406747594
17.5000000000,59.5000000000,0.3892848977,0.4171181196,0.1935969828
