Lon,Lat,C_KK10LonLatElev,B_KK10LonLatElev,U_KK10LonLatElev
-10.5000000000,51.5000000000,0.0622823734,0.4017947100,0.5359229166
-10.5000000000,52.5000000000,0.0604024169,0.4092239846,0.5303735984
-10.5000000000,53.5000000000,0.0565710591,0.4186041519,0.5248247890
-10.5000000000,54.5000000000,0.0685900504,0.3484876318,0.5829223178
-9.5000000000,38.5000000000,0.0809103290,0.3268494777,0.5922401934
-9.5000000000,39.5000000000,0.0806062499,0.3328595327,0.5865342174
-9.5000000000,42.5000000000,0.0734256066,0.3767470637,0.5498273297
-9.5000000000,43.5000000000,0.0694308481,0.3931407413,0.5374284105
-9.5000000000,51.5000000000,0.0626912330,0.4077709339,0.5295378331
-9.5000000000,52.5000000000,0.0634143191,0.4100457676,0.5265399133
-9.5000000000,53.5000000000,0.0633136376,0.4041058775,0.5325804849
-9.5000000000,54.5000000000,0.0670796139,0.3615697905,0.5713505956
-8.5000000000,37.5000000000,0.0954690734,0.2990055885,0.6055253381
-8.5000000000,38.5000000000,0.0937389858,0.3011046805,0.6051563337
-8.5000000000,39.5000000000,0.0956089600,0.3105361623,0.5938548777
-8.5000000000,40.5000000000,0.0958812963,0.3171106656,0.5870080380
-8.5000000000,41.5000000000,0.0985920590,0.3266924786,0.5747154624
-8.5000000000,42.5000000000,0.0994907734,0.3372690271,0.5632401995
-8.5000000000,43.5000000000,0.0794848206,0.3781378507,0.5423773287
-8.5000000000,51.5000000000,0.0545413022,0.4334155006,0.5120431972
-8.5000000000,52.5000000000,0.0591247618,0.4286345013,0.5122407369
-8.5000000000,53.5000000000,0.0595668367,0.4226098856,0.5178232777
-8.5000000000,54.5000000000,0.0655804626,0.3816955955,0.5527239419
-8.5000000000,55.5000000000,0.0592108058,0.3682581149,0.5725310792
-7.5000000000,37.5000000000,0.1055110909,0.2873690894,0.6071198197
-7.5000000000,38.5000000000,0.1101171904,0.2823097087,0.6075731009
-7.5000000000,39.5000000000,0.1163343407,0.2795137957,0.6041518636
-7.5000000000,40.5000000000,0.1423533240,0.2596768224,0.5979698536
-7.5000000000,41.5000000000,0.1399502077,0.2793145112,0.5807352811
-7.5000000000,42.5000000000,0.1422173616,0.2913402651,0.5664423733
-7.5000000000,43.5000000000,0.0979821716,0.3561569987,0.5458608297
-7.5000000000,51.5000000000,0.0399680745,0.5010764383,0.4589554872
-7.5000000000,52.5000000000,0.0545673143,0.4509803976,0.4944522881
-7.5000000000,53.5000000000,0.0560402484,0.4455125624,0.4984471892
-7.5000000000,54.5000000000,0.0638165953,0.4029252899,0.5332581147
-7.5000000000,55.5000000000,0.0599763769,0.3734796497,0.5665439734
-7.5000000000,57.5000000000,0.0606078877,0.2776640413,0.6617280710
-7.5000000000,58.5000000000,0.0665340101,0.2322099822,0.7012560077
-7.5000000000,62.5000000000,0.0896385569,0.1705496885,0.7398117546
-6.5000000000,35.5000000000,0.1183017581,0.2561533661,0.6255448757
-6.5000000000,36.5000000000,0.1098622207,0.2761628522,0.6139749271
-6.5000000000,37.5000000000,0.1244205718,0.2622809861,0.6132984421
-6.5000000000,38.5000000000,0.1406983185,0.2469057589,0.6123959226
-6.5000000000,39.5000000000,0.1308241262,0.2633330969,0.6058427770
-6.5000000000,40.5000000000,0.1622420776,0.2433678156,0.5943901068
-6.5000000000,41.5000000000,0.1625128425,0.2647193713,0.5727677862
-6.5000000000,42.5000000000,0.2096251189,0.2381505323,0.5522243488
-6.5000000000,43.5000000000,0.1111077527,0.3510134508,0.5378787965
-6.5000000000,52.5000000000,0.0491404086,0.4707091099,0.4801504815
-6.5000000000,53.5000000000,0.0500456876,0.4718356736,0.4781186388
-6.5000000000,54.5000000000,0.0573563082,0.4311056104,0.5115380813
-6.5000000000,55.5000000000,0.0550588221,0.3938913564,0.5510498216
-6.5000000000,56.5000000000,0.0548840699,0.3512944297,0.5938215005
-6.5000000000,57.5000000000,0.0628226189,0.2764936279,0.6606837532
-6.5000000000,58.5000000000,0.0656969836,0.2340858445,0.7002171720
-6.5000000000,61.5000000000,0.0829693830,0.1735707227,0.7434598943
-6.5000000000,62.5000000000,0.0902341460,0.1673564578,0.7424093962
-5.5000000000,35.5000000000,0.1633485914,0.2113870808,0.6252643278
-5.5000000000,36.5000000000,0.1518579809,0.2310966053,0.6170454138
-5.5000000000,37.5000000000,0.1407988104,0.2459236001,0.6132775895
-5.5000000000,38.5000000000,0.1670799275,0.2268283656,0.6060917069
-5.5000000000,39.5000000000,0.1557141165,0.2426337924,0.6016520911
-5.5000000000,40.5000000000,0.2191790668,0.2013162006,0.5795047326
-5.5000000000,41.5000000000,0.1808671749,0.2561658789,0.5629669462
-5.5000000000,42.5000000000,0.2023127647,0.2567015207,0.5409857146
-5.5000000000,43.5000000000,0.1179531992,0.3560619154,0.5259848855
-5.5000000000,50.5000000000,0.0458122415,0.4298845192,0.5243032392
-5.5000000000,51.5000000000,0.0456840734,0.4452948262,0.5090211004
-5.5000000000,54.5000000000,0.0497827636,0.4336413565,0.5165758799
-5.5000000000,55.5000000000,0.0529899237,0.3904627548,0.5565473216
-5.5000000000,56.5000000000,0.0633123679,0.3234349855,0.6132526466
-5.5000000000,57.5000000000,0.0741584051,0.2541726536,0.6716689413
-5.5000000000,58.5000000000,0.0641622856,0.2421857040,0.6936520104
-4.5000000000,35.5000000000,0.1693637707,0.2076173726,0.6230188567
-4.5000000000,36.5000000000,0.1624917826,0.2236001553,0.6139080621
-4.5000000000,37.5000000000,0.1922008274,0.2022723878,0.6055267849
-4.5000000000,38.5000000000,0.2040146092,0.1988467192,0.5971386716
-4.5000000000,39.5000000000,0.2044126776,0.2076957379,0.5878915845
-4.5000000000,40.5000000000,0.2447160711,0.1923348711,0.5629490578
-4.5000000000,41.5000000000,0.2199204154,0.2354595563,0.5446200283
-4.5000000000,42.5000000000,0.2267995674,0.2493513860,0.5238490465
-4.5000000000,43.5000000000,0.1266069776,0.3603873571,0.5130056652
-4.5000000000,47.5000000000,0.0511191862,0.4035629069,0.5453179069
-4.5000000000,48.5000000000,0.0478494977,0.3992875917,0.5528629106
-4.5000000000,50.5000000000,0.0452001522,0.4251464832,0.5296533646
-4.5000000000,51.5000000000,0.0437413872,0.4418448625,0.5144137503
-4.5000000000,52.5000000000,0.0449134437,0.4466769584,0.5084095979
-4.5000000000,53.5000000000,0.0460502359,0.4393773584,0.5145724058
-4.5000000000,54.5000000000,0.0459833636,0.4301367639,0.5238798726
-4.5000000000,55.5000000000,0.0565532661,0.3660973212,0.5773494127
-4.5000000000,56.5000000000,0.0784008706,0.2825207089,0.6390784205
-4.5000000000,57.5000000000,0.0798783811,0.2387720472,0.6813495717
-4.5000000000,58.5000000000,0.0724337567,0.2163429480,0.7112232953
-3.5000000000,35.5000000000,0.1887750780,0.1905902222,0.6206346998
-3.5000000000,36.5000000000,0.1935140496,0.1956542922,0.6108316582
-3.5000000000,37.5000000000,0.3049014884,0.1318124288,0.5632860828
-3.5000000000,38.5000000000,0.2441477764,0.1697099498,0.5861422738
-3.5000000000,39.5000000000,0.2417650395,0.1806692784,0.5775656821
-3.5000000000,40.5000000000,0.2570200958,0.1875890888,0.5553908154
-3.5000000000,41.5000000000,0.2975655341,0.1879608535,0.5144736124
-3.5000000000,42.5000000000,0.2484067741,0.2406502298,0.5109429961
-3.5000000000,43.5000000000,0.1222144626,0.3705295028,0.5072560346
-3.5000000000,47.5000000000,0.0545209255,0.3968450392,0.5486340353
-3.5000000000,48.5000000000,0.0513577243,0.3992433645,0.5493989112
-3.5000000000,50.5000000000,0.0437698799,0.4379042474,0.5183258727
-3.5000000000,51.5000000000,0.0463599078,0.4334995016,0.5201405906
-3.5000000000,52.5000000000,0.0540763208,0.4168133852,0.5291102941
-3.5000000000,53.5000000000,0.0456687727,0.4334193786,0.5209118487
-3.5000000000,54.5000000000,0.0488219940,0.4058768070,0.5453011990
-3.5000000000,55.5000000000,0.0593583464,0.3549450797,0.5856965738
-3.5000000000,56.5000000000,0.0681998450,0.3089432040,0.6228569510
-3.5000000000,57.5000000000,0.0747132468,0.2489942457,0.6762925074
-3.5000000000,58.5000000000,0.0692131339,0.2134905790,0.7172962871
-3.5000000000,59.5000000000,0.0705185448,0.1919825468,0.7374989084
-2.5000000000,35.5000000000,0.2070124898,0.1715268305,0.6214606797
-2.5000000000,36.5000000000,0.2120952277,0.1741135419,0.6137912304
-2.5000000000,37.5000000000,0.3546248820,0.1053404333,0.5400346847
-2.5000000000,38.5000000000,0.3399301403,0.1138949976,0.5461748621
-2.5000000000,39.5000000000,0.2954114681,0.1425113241,0.5620772078
-2.5000000000,40.5000000000,0.3241142664,0.1453295425,0.5305561911
-2.5000000000,41.5000000000,0.3322288008,0.1652001846,0.5025710146
-2.5000000000,42.5000000000,0.2524247828,0.2408702620,0.5067049552
-2.5000000000,43.5000000000,0.1241732412,0.3764004788,0.4994262800
-2.5000000000,46.5000000000,0.0667753157,0.4289017716,0.5043229127
-2.5000000000,47.5000000000,0.0580418675,0.4223127338,0.5196453988
-2.5000000000,48.5000000000,0.0509577079,0.4393607188,0.5096815732
-2.5000000000,49.5000000000,0.0442359961,0.4618688903,0.4938951136
-2.5000000000,50.5000000000,0.0417236882,0.4761251774,0.4821511344
-2.5000000000,51.5000000000,0.0424393691,0.4738265327,0.4837340982
-2.5000000000,52.5000000000,0.0438255291,0.4653034410,0.4908710300
-2.5000000000,53.5000000000,0.0455398630,0.4461161912,0.5083439458
-2.5000000000,54.5000000000,0.0579503154,0.3917691843,0.5502805003
-2.5000000000,55.5000000000,0.0573520419,0.3748712458,0.5677767123
-2.5000000000,56.5000000000,0.0546145296,0.3566658927,0.5887195777
-2.5000000000,57.5000000000,0.0647778155,0.2874604133,0.6477617712
-2.5000000000,58.5000000000,0.0651584209,0.2338484576,0.7009931215
-1.5000000000,35.5000000000,0.2403066210,0.1440436710,0.6156497080
-1.5000000000,36.5000000000,0.2259883972,0.1530589867,0.6209526161
-1.5000000000,37.5000000000,0.2526239091,0.1414186241,0.6059574668
-1.5000000000,38.5000000000,0.3099914824,0.1170236020,0.5729849157
-1.5000000000,39.5000000000,0.3381498066,0.1146256224,0.5472245710
-1.5000000000,40.5000000000,0.4208543251,0.0978720855,0.4812735894
-1.5000000000,41.5000000000,0.3071272970,0.1720013119,0.5208713911
-1.5000000000,42.5000000000,0.2461449013,0.2456643489,0.5081907499
-1.5000000000,43.5000000000,0.1570350412,0.3470791837,0.4958857751
-1.5000000000,44.5000000000,0.1169003184,0.4050653228,0.4780343588
-1.5000000000,45.5000000000,0.0952912255,0.4351889707,0.4695198038
-1.5000000000,46.5000000000,0.0801465178,0.4486975402,0.4711559419
-1.5000000000,47.5000000000,0.0661063742,0.4627121321,0.4711814937
-1.5000000000,48.5000000000,0.0561138978,0.4778891039,0.4659969984
-1.5000000000,49.5000000000,0.0461427400,0.5053949944,0.4484622656
-1.5000000000,50.5000000000,0.0429361214,0.5157514980,0.4413123806
-1.5000000000,51.5000000000,0.0450302713,0.5032825124,0.4516872163
-1.5000000000,52.5000000000,0.0440758216,0.4981701640,0.4577540144
-1.5000000000,53.5000000000,0.0481001428,0.4705000671,0.4813997901
-1.5000000000,54.5000000000,0.0505378315,0.4415848557,0.5078773128
-1.5000000000,55.5000000000,0.0518170437,0.4125100554,0.5356729010
-1.5000000000,57.5000000000,0.0559204411,0.3416811011,0.6023984578
-1.5000000000,59.5000000000,0.0746446709,0.2163606716,0.7089946575
-1.5000000000,60.5000000000,0.0805663825,0.1915500551,0.7278835624
-0.5000000000,35.5000000000,0.2981467564,0.1081668770,0.5936863666
-0.5000000000,37.5000000000,0.2437566843,0.1382155774,0.6180277383
-0.5000000000,38.5000000000,0.2905752117,0.1188045026,0.5906202857
-0.5000000000,39.5000000000,0.2853800092,0.1323277912,0.5822921996
-0.5000000000,40.5000000000,0.4214757594,0.0949440026,0.4835802379
-0.5000000000,41.5000000000,0.2997320381,0.1715462319,0.5287217300
-0.5000000000,42.5000000000,0.4073667702,0.1529559446,0.4396772853
-0.5000000000,43.5000000000,0.2012653167,0.3294909248,0.4692437585
-0.5000000000,44.5000000000,0.1509972608,0.4008163131,0.4481864261
-0.5000000000,45.5000000000,0.1177814396,0.4498485791,0.4323699813
-0.5000000000,46.5000000000,0.0997107038,0.4675368124,0.4327524838
-0.5000000000,47.5000000000,0.0757809783,0.4968490026,0.4273700191
-0.5000000000,48.5000000000,0.0685448707,0.4959178638,0.4355372655
-0.5000000000,49.5000000000,0.0503266043,0.5318473118,0.4178260839
-0.5000000000,50.5000000000,0.0458424344,0.5416806892,0.4124768764
-0.5000000000,51.5000000000,0.0467029587,0.5319806694,0.4213163719
-0.5000000000,52.5000000000,0.0445609628,0.5320784989,0.4233605383
-0.5000000000,53.5000000000,0.0439116163,0.5233235221,0.4327648616
-0.5000000000,54.5000000000,0.0485516058,0.4875318982,0.4639164960
-0.5000000000,60.5000000000,0.0861581902,0.2181576497,0.6956841601
0.5000000000,35.5000000000,0.3563772048,0.0839439282,0.5596788670
0.5000000000,36.5000000000,0.2897943896,0.1093536687,0.6008519417
0.5000000000,38.5000000000,0.2705459044,0.1291465156,0.6003075800
0.5000000000,40.5000000000,0.3009144451,0.1561831994,0.5429023555
0.5000000000,41.5000000000,0.3210600746,0.1782660828,0.5006738426
0.5000000000,42.5000000000,0.5083639912,0.1183485762,0.3732874326
0.5000000000,43.5000000000,0.2522178424,0.3166829983,0.4310991594
0.5000000000,44.5000000000,0.1950752274,0.3978122323,0.4071125403
0.5000000000,45.5000000000,0.1675594944,0.4317207369,0.4007197687
0.5000000000,46.5000000000,0.1249553429,0.4744144796,0.4006301776
0.5000000000,47.5000000000,0.0917657086,0.5049562401,0.4032780512
0.5000000000,48.5000000000,0.0800162031,0.5031373954,0.4168464015
0.5000000000,49.5000000000,0.0604092153,0.5300985256,0.4094922591
0.5000000000,50.5000000000,0.0510434613,0.5471755357,0.4017810030
0.5000000000,51.5000000000,0.0498170529,0.5506517342,0.3995312129
0.5000000000,52.5000000000,0.0479394291,0.5561202013,0.3959403696
0.5000000000,53.5000000000,0.0468062099,0.5544544197,0.3987393703
1.5000000000,35.5000000000,0.4681926921,0.0552685719,0.4765387360
1.5000000000,36.5000000000,0.3388555950,0.0929226901,0.5682217148
1.5000000000,38.5000000000,0.2993309597,0.1236846704,0.5769843699
1.5000000000,39.5000000000,0.3030200635,0.1422120949,0.5547678416
1.5000000000,41.5000000000,0.3699683896,0.1736256237,0.4564059867
1.5000000000,42.5000000000,0.5863242722,0.1015635413,0.3121121864
1.5000000000,43.5000000000,0.3148841131,0.3042539474,0.3808619395
1.5000000000,44.5000000000,0.2771223436,0.3606562309,0.3622214255
1.5000000000,45.5000000000,0.2577978898,0.3755455090,0.3666566013
1.5000000000,46.5000000000,0.1720442830,0.4497964255,0.3781592915
1.5000000000,47.5000000000,0.1130132437,0.5019051715,0.3850815848
1.5000000000,48.5000000000,0.0888633504,0.5145445715,0.3965920781
1.5000000000,49.5000000000,0.0715404102,0.5294237910,0.3990357988
1.5000000000,50.5000000000,0.0565232749,0.5639669520,0.3795097731
1.5000000000,51.5000000000,0.0517584278,0.5811554491,0.3670861231
1.5000000000,52.5000000000,0.0507731708,0.5862778044,0.3629490248
2.5000000000,35.5000000000,0.4877599976,0.0544414544,0.4577985480
2.5000000000,36.5000000000,0.3875723084,0.0831971096,0.5292305820
2.5000000000,39.5000000000,0.3361882647,0.1409999941,0.5228117412
2.5000000000,41.5000000000,0.3577790424,0.1949675158,0.4472534417
2.5000000000,42.5000000000,0.4670726479,0.1709074091,0.3620199430
2.5000000000,43.5000000000,0.3800143354,0.2677627763,0.3522228883
2.5000000000,44.5000000000,0.4137865959,0.2705640094,0.3156493947
2.5000000000,45.5000000000,0.4018025317,0.2808213851,0.3173760831
2.5000000000,46.5000000000,0.2111032169,0.4376536485,0.3512431346
2.5000000000,47.5000000000,0.1329823325,0.5057558593,0.3612618082
2.5000000000,48.5000000000,0.0953103059,0.5310243707,0.3736653234
2.5000000000,49.5000000000,0.0772327945,0.5446639517,0.3781032538
2.5000000000,50.5000000000,0.0624973481,0.5895249212,0.3479777307
2.5000000000,51.5000000000,0.0475631334,0.6454665458,0.3069703209
3.5000000000,35.5000000000,0.5039553471,0.0554101900,0.4406344629
3.5000000000,36.5000000000,0.4353935141,0.0762392677,0.4883672183
3.5000000000,39.5000000000,0.3487869166,0.1471776740,0.5040354094
3.5000000000,40.5000000000,0.3335233577,0.1844928733,0.4819837690
3.5000000000,41.5000000000,0.3327220966,0.2201569328,0.4471209706
3.5000000000,42.5000000000,0.3173102067,0.2745815962,0.4081081971
3.5000000000,43.5000000000,0.3335618827,0.3042976745,0.3621404428
3.5000000000,44.5000000000,0.4942534768,0.2127357466,0.2930107767
3.5000000000,45.5000000000,0.3957416558,0.2946832825,0.3095750617
3.5000000000,46.5000000000,0.2264272073,0.4443958188,0.3291769739
3.5000000000,47.5000000000,0.1474045200,0.5257148590,0.3268806210
3.5000000000,48.5000000000,0.1068246796,0.5627670688,0.3304082516
3.5000000000,49.5000000000,0.0847812639,0.5914602931,0.3237584429
3.5000000000,50.5000000000,0.0609257815,0.6543387585,0.2847354600
3.5000000000,51.5000000000,0.0496935006,0.6914961884,0.2588103109
4.5000000000,35.5000000000,0.4892998360,0.0650591144,0.4456410496
4.5000000000,36.5000000000,0.4821852250,0.0706260511,0.4471887239
4.5000000000,39.5000000000,0.3389026867,0.1593821092,0.5017152040
4.5000000000,40.5000000000,0.3309043788,0.1921118761,0.4769837451
4.5000000000,43.5000000000,0.3054993988,0.3214188564,0.3730817449
4.5000000000,44.5000000000,0.3787870959,0.2940258390,0.3271870652
4.5000000000,45.5000000000,0.3764205346,0.3149282837,0.3086511818
4.5000000000,46.5000000000,0.2588732354,0.4297087736,0.3114179910
4.5000000000,47.5000000000,0.1883676422,0.5064400432,0.3051923146
4.5000000000,48.5000000000,0.1224887775,0.5862758676,0.2912353549
4.5000000000,49.5000000000,0.0969473075,0.6288054313,0.2742472612
4.5000000000,50.5000000000,0.0619873121,0.7130033959,0.2250092920
4.5000000000,51.5000000000,0.0508765494,0.7383512407,0.2107722099
4.5000000000,52.5000000000,0.0475623656,0.7413305232,0.2111071113
4.5000000000,53.5000000000,0.0523414190,0.7059692685,0.2416893126
4.5000000000,60.5000000000,0.1161718286,0.3845645360,0.4992636353
4.5000000000,61.5000000000,0.1361091657,0.3387503530,0.5251404813
5.5000000000,35.5000000000,0.5441835417,0.0598048162,0.3960116421
5.5000000000,36.5000000000,0.4984714233,0.0755498914,0.4259786853
5.5000000000,43.5000000000,0.3504907386,0.2797473850,0.3697618764
5.5000000000,44.5000000000,0.5149050232,0.1950097939,0.2900851830
5.5000000000,45.5000000000,0.4121131171,0.2912160485,0.2966708344
5.5000000000,46.5000000000,0.3208570367,0.3854591449,0.2936838184
5.5000000000,47.5000000000,0.2143734245,0.5041723173,0.2814542582
5.5000000000,48.5000000000,0.1643055183,0.5694391647,0.2662553169
5.5000000000,49.5000000000,0.1162109368,0.6481513415,0.2356377216
5.5000000000,50.5000000000,0.0734556269,0.7324193280,0.1941250451
5.5000000000,51.5000000000,0.0541163874,0.7701833274,0.1757002851
5.5000000000,52.5000000000,0.0491292893,0.7743209143,0.1765497964
5.5000000000,53.5000000000,0.0473853852,0.7526432922,0.1999713225
5.5000000000,58.5000000000,0.0997252194,0.4716323781,0.4286424025
5.5000000000,59.5000000000,0.1209618580,0.4180133586,0.4610247834
5.5000000000,60.5000000000,0.1592339505,0.3508293751,0.4899366744
5.5000000000,61.5000000000,0.1883020364,0.3065185872,0.5051793764
5.5000000000,62.5000000000,0.1627925811,0.3279128964,0.5092945225
6.5000000000,35.5000000000,0.6218417278,0.0495058706,0.3286524016
6.5000000000,36.5000000000,0.5017088546,0.0861442445,0.4121469009
6.5000000000,37.5000000000,0.3786403623,0.1429885724,0.4783710654
6.5000000000,43.5000000000,0.3749116145,0.2605778933,0.3645104921
6.5000000000,44.5000000000,0.7139777624,0.0862806554,0.1997415822
6.5000000000,45.5000000000,0.7032550365,0.1049357391,0.1918092244
6.5000000000,46.5000000000,0.4575955612,0.2817355426,0.2606688963
6.5000000000,47.5000000000,0.3111581117,0.4244682019,0.2643736864
6.5000000000,48.5000000000,0.2012551839,0.5507757648,0.2479690513
6.5000000000,49.5000000000,0.1300010703,0.6559397497,0.2140591800
6.5000000000,50.5000000000,0.1016897845,0.7078349270,0.1904752885
6.5000000000,51.5000000000,0.0568910197,0.7877657802,0.1553432002
6.5000000000,52.5000000000,0.0552926191,0.7821663482,0.1625410327
6.5000000000,53.5000000000,0.0547215091,0.7451512377,0.2001272532
6.5000000000,58.5000000000,0.1383805389,0.4263496749,0.4352697862
6.5000000000,59.5000000000,0.2142260134,0.3234554656,0.4623185210
6.5000000000,60.5000000000,0.2468185699,0.2840820994,0.4690993306
6.5000000000,61.5000000000,0.2524989930,0.2727819813,0.4747190256
6.5000000000,62.5000000000,0.1956166785,0.3215776135,0.4828057080
7.5000000000,35.5000000000,0.6188502322,0.0589782603,0.3221715075
7.5000000000,36.5000000000,0.4980956525,0.1015530675,0.4003512800
7.5000000000,37.5000000000,0.3860185459,0.1602738974,0.4537075567
7.5000000000,43.5000000000,0.3418382952,0.3030772284,0.3550844764
7.5000000000,44.5000000000,0.5676251087,0.1709591963,0.2614156950
7.5000000000,45.5000000000,0.6910014137,0.1153545028,0.1936440834
7.5000000000,46.5000000000,0.6432407166,0.1577164660,0.1990428173
7.5000000000,47.5000000000,0.3294906022,0.4246007383,0.2459086595
7.5000000000,48.5000000000,0.2241622743,0.5411538953,0.2346838304
7.5000000000,49.5000000000,0.1672927112,0.6193886489,0.2133186399
7.5000000000,50.5000000000,0.1140402482,0.6962582794,0.1897014724
7.5000000000,51.5000000000,0.0830051770,0.7381207669,0.1788740561
7.5000000000,52.5000000000,0.0667777532,0.7466470866,0.1865751601
7.5000000000,53.5000000000,0.0640962459,0.7081639709,0.2277397832
7.5000000000,58.5000000000,0.1510311753,0.4299551713,0.4190136533
7.5000000000,59.5000000000,0.2694849964,0.2966019312,0.4339130723
7.5000000000,60.5000000000,0.3366350205,0.2383129130,0.4250520665
7.5000000000,61.5000000000,0.3180701272,0.2465786150,0.4353512578
7.5000000000,62.5000000000,0.2665069185,0.2837507546,0.4497423269
7.5000000000,63.5000000000,0.1774355051,0.3669463252,0.4556181697
8.5000000000,35.5000000000,0.6034511761,0.0742112435,0.3223375805
8.5000000000,36.5000000000,0.4956906979,0.1181783397,0.3861309624
8.5000000000,37.5000000000,0.3876423755,0.1819651293,0.4303924952
8.5000000000,38.5000000000,0.3626500495,0.2098400914,0.4275098591
8.5000000000,39.5000000000,0.3622125392,0.2250307865,0.4127566742
8.5000000000,40.5000000000,0.3595058029,0.2441896167,0.3963045804
8.5000000000,41.5000000000,0.3174122438,0.2972419764,0.3853457797
8.5000000000,42.5000000000,0.3454623616,0.2966764841,0.3578611543
8.5000000000,43.5000000000,0.3301580812,0.3349509554,0.3348909634
8.5000000000,44.5000000000,0.3991458626,0.3036269131,0.2972272244
8.5000000000,45.5000000000,0.3984182062,0.3238748095,0.2777069844
8.5000000000,46.5000000000,0.6828252848,0.1346031984,0.1825715168
8.5000000000,47.5000000000,0.3508541608,0.4137498571,0.2353959821
8.5000000000,48.5000000000,0.2851515968,0.4882236285,0.2266247747
8.5000000000,49.5000000000,0.1625255301,0.6339173612,0.2035571087
8.5000000000,50.5000000000,0.1402434986,0.6607605110,0.1989959904
8.5000000000,51.5000000000,0.1174209750,0.6758612078,0.2067178172
8.5000000000,52.5000000000,0.0819245727,0.6997916798,0.2182837475
8.5000000000,53.5000000000,0.0753838709,0.6594522736,0.2651638555
8.5000000000,54.5000000000,0.0699475982,0.6266768912,0.3033755106
8.5000000000,55.5000000000,0.0722508067,0.5890813524,0.3386678410
8.5000000000,56.5000000000,0.0769194527,0.5576917158,0.3653888314
8.5000000000,57.5000000000,0.0809413919,0.5546772756,0.3643813325
8.5000000000,58.5000000000,0.1185158837,0.4945560311,0.3869280853
8.5000000000,59.5000000000,0.2148456247,0.3737792832,0.4113750922
8.5000000000,60.5000000000,0.3020249994,0.2916918311,0.4062831695
8.5000000000,61.5000000000,0.3743819250,0.2317441728,0.3938739022
8.5000000000,62.5000000000,0.3285043579,0.2569802908,0.4145153513
8.5000000000,63.5000000000,0.1959972110,0.3704821714,0.4335206176
9.5000000000,35.5000000000,0.5326077599,0.1129120588,0.3544801813
9.5000000000,36.5000000000,0.4907420708,0.1368893064,0.3723686228
9.5000000000,37.5000000000,0.4061889296,0.1900266996,0.4037843709
9.5000000000,39.5000000000,0.3835243497,0.2322238468,0.3842518035
9.5000000000,40.5000000000,0.3839865821,0.2493928414,0.3666205765
9.5000000000,41.5000000000,0.3331438888,0.3070948702,0.3597612410
9.5000000000,42.5000000000,0.3711236735,0.2955539248,0.3333224017
9.5000000000,44.5000000000,0.4559634019,0.2747437872,0.2692928109
9.5000000000,45.5000000000,0.3955938408,0.3388076345,0.2655985247
9.5000000000,46.5000000000,0.7184986718,0.1190741874,0.1624271408
9.5000000000,47.5000000000,0.4205314266,0.3592474234,0.2202211500
9.5000000000,48.5000000000,0.2924152173,0.4950633760,0.2125214067
9.5000000000,49.5000000000,0.2204193513,0.5744779366,0.2051027121
9.5000000000,50.5000000000,0.1926437353,0.5976553528,0.2097009119
9.5000000000,51.5000000000,0.1396374482,0.6426920533,0.2176704985
9.5000000000,52.5000000000,0.1010967290,0.6619356406,0.2369676305
9.5000000000,53.5000000000,0.0873669211,0.6349542827,0.2776787962
9.5000000000,54.5000000000,0.0807987587,0.6021046691,0.3170965722
9.5000000000,55.5000000000,0.0761925553,0.5867343884,0.3370730563
9.5000000000,56.5000000000,0.0825792697,0.5552019493,0.3622187810
9.5000000000,57.5000000000,0.0853638095,0.5595418505,0.3550943400
9.5000000000,58.5000000000,0.0955471086,0.5590121443,0.3454407471
9.5000000000,59.5000000000,0.1516853726,0.4792018695,0.3691127579
9.5000000000,60.5000000000,0.2305872849,0.3875631264,0.3818495887
9.5000000000,61.5000000000,0.3128970302,0.3039802402,0.3831227296
9.5000000000,62.5000000000,0.3551112778,0.2545479290,0.3903407931
9.5000000000,63.5000000000,0.2084090449,0.3749181388,0.4166728163
10.5000000000,35.5000000000,0.4628820125,0.1586021289,0.3785158586
10.5000000000,36.5000000000,0.4532117683,0.1703236601,0.3764645717
10.5000000000,37.5000000000,0.4200769311,0.1971523403,0.3827707286
10.5000000000,42.5000000000,0.2903873407,0.3822464515,0.3273662077
10.5000000000,43.5000000000,0.3548050393,0.3486489030,0.2965460577
10.5000000000,44.5000000000,0.4736798215,0.2731511757,0.2531690028
10.5000000000,45.5000000000,0.4404412522,0.3111844469,0.2483743009
10.5000000000,46.5000000000,0.7914725831,0.0808862302,0.1276411867
10.5000000000,47.5000000000,0.6101131562,0.2109948332,0.1788920106
10.5000000000,48.5000000000,0.3717251923,0.4247280542,0.2035467534
10.5000000000,49.5000000000,0.3176432846,0.4796675659,0.2026891495
10.5000000000,50.5000000000,0.2807978316,0.5061967686,0.2130053999
10.5000000000,51.5000000000,0.2056750435,0.5624179827,0.2319069738
10.5000000000,52.5000000000,0.1343608959,0.6140063182,0.2516327859
10.5000000000,53.5000000000,0.1048242536,0.6156102962,0.2795654502
10.5000000000,54.5000000000,0.0849694858,0.6136243110,0.3014062032
10.5000000000,55.5000000000,0.0742973468,0.6161450849,0.3095575684
10.5000000000,56.5000000000,0.0803406016,0.5895088551,0.3301505433
10.5000000000,57.5000000000,0.0915990567,0.5728029913,0.3355979520
10.5000000000,59.5000000000,0.1219942228,0.5569315228,0.3210742544
10.5000000000,60.5000000000,0.1877841516,0.4662028039,0.3460130445
10.5000000000,61.5000000000,0.2844634136,0.3497256986,0.3658108878
10.5000000000,62.5000000000,0.3044492537,0.3051643566,0.3903863898
10.5000000000,63.5000000000,0.2162702570,0.3824569007,0.4012728423
10.5000000000,64.5000000000,0.2037237686,0.3989184221,0.3973578093
11.5000000000,35.5000000000,0.4536000269,0.1741454372,0.3722545359
11.5000000000,36.5000000000,0.4409916831,0.1892849852,0.3697233317
11.5000000000,42.5000000000,0.2836275327,0.3926138866,0.3237585807
11.5000000000,43.5000000000,0.3745933073,0.3300227323,0.2953839604
11.5000000000,44.5000000000,0.3676943279,0.3599197467,0.2723859254
11.5000000000,45.5000000000,0.4218314935,0.3336484487,0.2445200578
11.5000000000,46.5000000000,0.7255141626,0.1245520350,0.1499338023
11.5000000000,47.5000000000,0.6746419748,0.1716031234,0.1537549018
11.5000000000,48.5000000000,0.4745837840,0.3405583708,0.1848578451
11.5000000000,49.5000000000,0.4630843614,0.3521960064,0.1847196323
11.5000000000,50.5000000000,0.4167547622,0.3820283584,0.2012168794
11.5000000000,51.5000000000,0.2528654273,0.5166597462,0.2304748265
11.5000000000,52.5000000000,0.1740142928,0.5688112961,0.2571744111
11.5000000000,53.5000000000,0.1293040331,0.5875738816,0.2831220854
11.5000000000,54.5000000000,0.0884172847,0.6306147860,0.2809679293
11.5000000000,55.5000000000,0.0781748774,0.6356374848,0.2861876378
11.5000000000,57.5000000000,0.0889994705,0.6111516950,0.2998488345
11.5000000000,58.5000000000,0.1116041665,0.5898503234,0.2985455101
11.5000000000,59.5000000000,0.1451178163,0.5501474933,0.3047346904
11.5000000000,60.5000000000,0.1844919400,0.4945612036,0.3209468564
11.5000000000,61.5000000000,0.2618281124,0.3931520287,0.3450198588
11.5000000000,62.5000000000,0.3114781971,0.3249848341,0.3635369688
11.5000000000,63.5000000000,0.2442741928,0.3808638623,0.3748619449
11.5000000000,64.5000000000,0.2117947743,0.4172056935,0.3709995322
11.5000000000,65.5000000000,0.1886554370,0.4393125457,0.3720320173
12.5000000000,37.5000000000,0.4334563392,0.2134573103,0.3530863504
12.5000000000,38.5000000000,0.3816415944,0.2644970747,0.3538613309
12.5000000000,41.5000000000,0.2449859023,0.4342190483,0.3207950494
12.5000000000,42.5000000000,0.3074454262,0.3759105564,0.3166440174
12.5000000000,43.5000000000,0.3511939202,0.3489717840,0.2998342958
12.5000000000,44.5000000000,0.3080306463,0.4138880786,0.2780812750
12.5000000000,45.5000000000,0.3613713100,0.3895525896,0.2490761003
12.5000000000,46.5000000000,0.7351174926,0.1225503451,0.1423321623
12.5000000000,47.5000000000,0.7409606852,0.1304796411,0.1285596736
12.5000000000,48.5000000000,0.5605304094,0.2755574025,0.1639121881
12.5000000000,49.5000000000,0.5966021396,0.2442685868,0.1591292736
12.5000000000,50.5000000000,0.5239076247,0.2931655405,0.1829268348
12.5000000000,51.5000000000,0.3185312606,0.4525154739,0.2289532655
12.5000000000,52.5000000000,0.2357532386,0.4952803919,0.2689663695
12.5000000000,53.5000000000,0.1623599517,0.5483094760,0.2893305722
12.5000000000,54.5000000000,0.1180142183,0.5857887597,0.2961970220
12.5000000000,55.5000000000,0.0907794062,0.6283406906,0.2808799032
12.5000000000,56.5000000000,0.0968783579,0.6116446503,0.2914769918
12.5000000000,57.5000000000,0.1199574653,0.5797552579,0.3002872768
12.5000000000,58.5000000000,0.1314451470,0.5857553256,0.2827995274
12.5000000000,59.5000000000,0.1661141525,0.5482201520,0.2856656954
12.5000000000,60.5000000000,0.2173707016,0.4825447197,0.3000845787
12.5000000000,61.5000000000,0.2850512793,0.3976515249,0.3172971959
12.5000000000,62.5000000000,0.3333570794,0.3340534786,0.3325894420
12.5000000000,63.5000000000,0.3025046432,0.3557053505,0.3417900063
12.5000000000,64.5000000000,0.2572835901,0.3966941839,0.3460222260
12.5000000000,65.5000000000,0.2227810705,0.4256461327,0.3515727968
12.5000000000,66.5000000000,0.1800447011,0.4662177192,0.3537375797
12.5000000000,67.5000000000,0.1754093527,0.4656588137,0.3589318335
13.5000000000,37.5000000000,0.4834770678,0.1841523449,0.3323705873
13.5000000000,38.5000000000,0.3802317202,0.2702347604,0.3495335194
13.5000000000,41.5000000000,0.3566192257,0.3374227652,0.3059580091
13.5000000000,42.5000000000,0.4383495841,0.2764561700,0.2851942459
13.5000000000,43.5000000000,0.2980380409,0.4081001183,0.2938618407
13.5000000000,44.5000000000,0.3288182468,0.3977859596,0.2733957936
13.5000000000,45.5000000000,0.4093447973,0.3491572420,0.2414979607
13.5000000000,46.5000000000,0.6906708907,0.1529370221,0.1563920872
13.5000000000,47.5000000000,0.7737836552,0.1102561241,0.1159602207
13.5000000000,48.5000000000,0.6500545098,0.2066276623,0.1433178279
13.5000000000,49.5000000000,0.6653172703,0.1917326240,0.1429501057
13.5000000000,50.5000000000,0.5721404683,0.2544716681,0.1733878636
13.5000000000,51.5000000000,0.3706278049,0.4046393963,0.2247327989
13.5000000000,52.5000000000,0.2661189419,0.4705126073,0.2633684508
13.5000000000,53.5000000000,0.1826319660,0.5341697648,0.2831982692
13.5000000000,54.5000000000,0.1380380666,0.5686299108,0.2933320225
13.5000000000,55.5000000000,0.1094039638,0.6194141265,0.2711819097
13.5000000000,56.5000000000,0.1295782523,0.5939155059,0.2765062417
13.5000000000,57.5000000000,0.1617343222,0.5592111657,0.2790545122
13.5000000000,58.5000000000,0.1631506185,0.5774691478,0.2593802337
13.5000000000,59.5000000000,0.1867888458,0.5572541031,0.2559570511
13.5000000000,60.5000000000,0.2515465834,0.4805596223,0.2678937944
13.5000000000,61.5000000000,0.3019518476,0.4191508311,0.2788973214
13.5000000000,62.5000000000,0.3282464381,0.3828572806,0.2888962813
13.5000000000,63.5000000000,0.3133321714,0.3878827143,0.2987851143
13.5000000000,64.5000000000,0.3093223389,0.3796523535,0.3110253076
13.5000000000,65.5000000000,0.2913999174,0.3824402806,0.3261598020
13.5000000000,66.5000000000,0.2227615093,0.4383455411,0.3388929496
13.5000000000,67.5000000000,0.1681361076,0.4937271052,0.3381367873
13.5000000000,68.5000000000,0.1648484574,0.4951215889,0.3400299537
14.5000000000,35.5000000000,0.4226399836,0.1956799203,0.3816800961
14.5000000000,36.5000000000,0.4131396717,0.2125720997,0.3742882286
14.5000000000,37.5000000000,0.5183218372,0.1617311134,0.3199470494
14.5000000000,38.5000000000,0.3853429885,0.2645015662,0.3501554452
14.5000000000,40.5000000000,0.3374424060,0.3500217587,0.3125358353
14.5000000000,41.5000000000,0.4192838117,0.2934766714,0.2872395168
14.5000000000,42.5000000000,0.3045857968,0.4013824823,0.2940317208
14.5000000000,44.5000000000,0.3604134085,0.3755105903,0.2640760012
14.5000000000,45.5000000000,0.5394467476,0.2448198173,0.2157334351
14.5000000000,46.5000000000,0.6451657239,0.1822936313,0.1725406448
14.5000000000,47.5000000000,0.7564754454,0.1165893103,0.1269352442
14.5000000000,48.5000000000,0.6567761029,0.1923988980,0.1508249991
14.5000000000,49.5000000000,0.6394893222,0.2041327487,0.1563779291
14.5000000000,50.5000000000,0.5363033838,0.2803124430,0.1833841732
14.5000000000,51.5000000000,0.3869043528,0.3914634099,0.2216322373
14.5000000000,52.5000000000,0.2727664522,0.4716309937,0.2556025540
14.5000000000,53.5000000000,0.1963899463,0.5279334863,0.2756765673
14.5000000000,54.5000000000,0.1568147564,0.5643368188,0.2788484248
14.5000000000,55.5000000000,0.1223338713,0.6278473270,0.2498188017
14.5000000000,56.5000000000,0.1498203059,0.6012996752,0.2488800189
14.5000000000,57.5000000000,0.1912033508,0.5572306018,0.2515660473
14.5000000000,58.5000000000,0.1953082718,0.5705549321,0.2341367961
14.5000000000,59.5000000000,0.2324706282,0.5380980133,0.2294313585
14.5000000000,60.5000000000,0.2766683426,0.4893866180,0.2339450394
14.5000000000,61.5000000000,0.3149856935,0.4442085045,0.2408058019
14.5000000000,62.5000000000,0.3101903834,0.4406185478,0.2491910689
14.5000000000,63.5000000000,0.2928917792,0.4483574131,0.2587508077
14.5000000000,64.5000000000,0.3327621550,0.3891191213,0.2781187238
14.5000000000,65.5000000000,0.3442164713,0.3583366028,0.2974469259
14.5000000000,66.5000000000,0.2988734672,0.3800499614,0.3210765714
14.5000000000,67.5000000000,0.1771742608,0.4986849271,0.3241408121
14.5000000000,68.5000000000,0.1638428652,0.5114927213,0.3246644135
15.5000000000,36.5000000000,0.3852953307,0.2198817352,0.3948229341
15.5000000000,37.5000000000,0.4036206782,0.2241302764,0.3722490455
15.5000000000,38.5000000000,0.4048400102,0.2445585585,0.3506014313
15.5000000000,39.5000000000,0.3635926159,0.3051255738,0.3312818103
15.5000000000,40.5000000000,0.4939962725,0.2299498042,0.2760539233
15.5000000000,41.5000000000,0.3817375945,0.3298636824,0.2883987231
15.5000000000,43.5000000000,0.3492748996,0.3775919943,0.2731331061
15.5000000000,44.5000000000,0.5154760130,0.2513501178,0.2331738692
15.5000000000,45.5000000000,0.4959683350,0.2768583979,0.2271732671
15.5000000000,46.5000000000,0.5648007236,0.2360224148,0.1991768615
15.5000000000,47.5000000000,0.6862494087,0.1569441153,0.1568064761
15.5000000000,48.5000000000,0.6033225452,0.2240036672,0.1726737876
15.5000000000,49.5000000000,0.6394309362,0.1989318191,0.1616372447
15.5000000000,50.5000000000,0.5714476288,0.2522543512,0.1762980201
15.5000000000,51.5000000000,0.4106771581,0.3707079328,0.2186149090
15.5000000000,52.5000000000,0.2864775234,0.4649761520,0.2485463247
15.5000000000,53.5000000000,0.2181031575,0.5167700507,0.2651267918
15.5000000000,54.5000000000,0.1722450078,0.5626727389,0.2650822534
15.5000000000,55.5000000000,0.1412959965,0.6197348191,0.2389691845
15.5000000000,56.5000000000,0.1778283968,0.5867505423,0.2354210608
15.5000000000,57.5000000000,0.2197984100,0.5501192109,0.2300823791
15.5000000000,58.5000000000,0.2168263779,0.5717862531,0.2113873691
15.5000000000,59.5000000000,0.2397939949,0.5544195343,0.2057864708
15.5000000000,60.5000000000,0.2843109931,0.5086216007,0.2070674063
15.5000000000,61.5000000000,0.3059369804,0.4810640891,0.2129989305
15.5000000000,62.5000000000,0.3137246050,0.4644476286,0.2218277664
15.5000000000,63.5000000000,0.3008960458,0.4641964854,0.2349074688
15.5000000000,64.5000000000,0.3097420686,0.4341515494,0.2561063821
15.5000000000,65.5000000000,0.3407505998,0.3825815097,0.2766678905
15.5000000000,66.5000000000,0.3483662964,0.3549588425,0.2966748612
15.5000000000,67.5000000000,0.2185744209,0.4671582667,0.3142673124
15.5000000000,68.5000000000,0.1740417894,0.5100724937,0.3158857169
15.5000000000,69.5000000000,0.1531218222,0.5328783871,0.3139997908
16.5000000000,37.5000000000,0.3577191255,0.2415184125,0.4007624620
16.5000000000,38.5000000000,0.4015806321,0.2337194754,0.3646998925
16.5000000000,39.5000000000,0.4856792400,0.2039550468,0.3103657133
16.5000000000,40.5000000000,0.4348105499,0.2642629767,0.3009264734
16.5000000000,41.5000000000,0.3627203606,0.3446212040,0.2926584354
16.5000000000,42.5000000000,0.3642850164,0.3565719347,0.2791430490
16.5000000000,43.5000000000,0.4581207824,0.2907243960,0.2511548216
16.5000000000,44.5000000000,0.5770117713,0.2098768853,0.2131113434
16.5000000000,45.5000000000,0.4643564529,0.3018893990,0.2337541480
16.5000000000,46.5000000000,0.4958643053,0.2837573038,0.2203783908
16.5000000000,47.5000000000,0.5167942553,0.2759295851,0.2072761596
16.5000000000,48.5000000000,0.4910432988,0.3040621691,0.2048945321
16.5000000000,49.5000000000,0.5787192740,0.2385308339,0.1827498920
16.5000000000,50.5000000000,0.5456177465,0.2671590281,0.1872232254
16.5000000000,51.5000000000,0.3755361624,0.4031034325,0.2213604052
16.5000000000,52.5000000000,0.2781817967,0.4795802640,0.2422379393
16.5000000000,53.5000000000,0.2341596098,0.5087260040,0.2571143861
16.5000000000,54.5000000000,0.1927793221,0.5470456931,0.2601749848
16.5000000000,56.5000000000,0.1813467658,0.5963585841,0.2222946501
16.5000000000,57.5000000000,0.2201458505,0.5664617265,0.2133924230
16.5000000000,58.5000000000,0.2346405374,0.5681227617,0.1972367010
16.5000000000,59.5000000000,0.2537972183,0.5550198799,0.1911829018
16.5000000000,60.5000000000,0.2875442906,0.5218338651,0.1906218443
16.5000000000,61.5000000000,0.3004399236,0.5058286617,0.1937314147
16.5000000000,62.5000000000,0.3195339602,0.4752135022,0.2052525377
16.5000000000,63.5000000000,0.3027782712,0.4767326272,0.2204891015
16.5000000000,64.5000000000,0.3126502621,0.4471955650,0.2401541729
16.5000000000,65.5000000000,0.3197872791,0.4181683870,0.2620443339
16.5000000000,66.5000000000,0.3485019753,0.3703876315,0.2811103932
16.5000000000,67.5000000000,0.3207411909,0.3795268854,0.2997319237
16.5000000000,68.5000000000,0.1912598893,0.5002843944,0.3084557163
16.5000000000,69.5000000000,0.1552843772,0.5376338590,0.3070817638
17.5000000000,38.5000000000,0.3471167585,0.2543141815,0.3985690601
17.5000000000,39.5000000000,0.3644036059,0.2738028659,0.3617935282
17.5000000000,40.5000000000,0.3857664241,0.2924949734,0.3217386025
17.5000000000,41.5000000000,0.3725830060,0.3326281175,0.2947888765
17.5000000000,42.5000000000,0.4027105254,0.3272733928,0.2700160818
17.5000000000,43.5000000000,0.5864450952,0.2003700318,0.2131848729
17.5000000000,44.5000000000,0.5680504255,0.2205967271,0.2113528474
17.5000000000,45.5000000000,0.4626829731,0.3074595910,0.2298574359
17.5000000000,46.5000000000,0.4624185971,0.3122537605,0.2253276425
17.5000000000,47.5000000000,0.4674746980,0.3122774004,0.2202479016
17.5000000000,48.5000000000,0.4708451150,0.3157388458,0.2134160391
17.5000000000,49.5000000000,0.5106343437,0.2905532383,0.1988124180
17.5000000000,50.5000000000,0.4597168220,0.3323725740,0.2079106040
17.5000000000,51.5000000000,0.3499926259,0.4250265164,0.2249808576
17.5000000000,52.5000000000,0.2689267453,0.4934615473,0.2376117074
17.5000000000,53.5000000000,0.2388689121,0.5097262571,0.2514048308
17.5000000000,54.5000000000,0.2215006317,0.5184092187,0.2600901497
17.5000000000,57.5000000000,0.2203059856,0.5787925769,0.2009014376
17.5000000000,58.5000000000,0.2492706911,0.5606025886,0.1901267203
17.5000000000,59.5000000000,0.2688167767,0.5483019008,0.1828813225
