Lon,Lat,C_KK10LonLatElev,B_KK10LonLatElev,U_KK10LonLatElev
-10.5000000000,51.5000000000,0.0802902696,0.6528083108,0.2669014196
-10.5000000000,52.5000000000,0.0842668286,0.6462690071,0.2694641643
-10.5000000000,53.5000000000,0.0917788130,0.6186673621,0.2895538249
-10.5000000000,54.5000000000,0.1012754315,0.5665950488,0.3321295197
-9.5000000000,38.5000000000,0.1702472482,0.3980006851,0.4317520668
-9.5000000000,39.5000000000,0.1547221933,0.4307714260,0.4145063806
-9.5000000000,42.5000000000,0.1172544112,0.5086849163,0.3740606726
-9.5000000000,43.5000000000,0.1073967181,0.5296075620,0.3629957199
-9.5000000000,51.5000000000,0.0834276538,0.6380351118,0.2785372345
-9.5000000000,52.5000000000,0.0890775505,0.6283758245,0.2825466250
-9.5000000000,53.5000000000,0.0927645791,0.6125826724,0.2946527484
-9.5000000000,54.5000000000,0.1011680283,0.5620126683,0.3368193035
-8.5000000000,37.5000000000,0.1979625061,0.3429968331,0.4590406608
-8.5000000000,38.5000000000,0.1835345004,0.3741125890,0.4423529106
-8.5000000000,39.5000000000,0.1671368128,0.4015031144,0.4313600728
-8.5000000000,40.5000000000,0.1514085650,0.4322986174,0.4162928175
-8.5000000000,41.5000000000,0.1392822235,0.4533018280,0.4074159485
-8.5000000000,42.5000000000,0.1295304063,0.4659906598,0.4044789339
-8.5000000000,43.5000000000,0.1127640059,0.5112559861,0.3759800080
-8.5000000000,51.5000000000,0.0796626481,0.6437446845,0.2765926674
-8.5000000000,52.5000000000,0.0850394115,0.6344766696,0.2804839189
-8.5000000000,53.5000000000,0.0886409516,0.6194837459,0.2918753024
-8.5000000000,54.5000000000,0.0937132549,0.5805163235,0.3257704216
-8.5000000000,55.5000000000,0.0934904413,0.5528057568,0.3537038019
-7.5000000000,37.5000000000,0.2140225992,0.3172114785,0.4687659223
-7.5000000000,38.5000000000,0.2023476771,0.3392771084,0.4583752145
-7.5000000000,39.5000000000,0.1860671057,0.3669071393,0.4470257550
-7.5000000000,40.5000000000,0.1766345991,0.3694386414,0.4539267595
-7.5000000000,41.5000000000,0.1610029578,0.3967699101,0.4422271321
-7.5000000000,42.5000000000,0.1483286860,0.4113920338,0.4402792802
-7.5000000000,43.5000000000,0.1218140963,0.4814667656,0.3967191381
-7.5000000000,51.5000000000,0.0753645493,0.6413969226,0.2832385282
-7.5000000000,52.5000000000,0.0788018077,0.6453908266,0.2758073657
-7.5000000000,53.5000000000,0.0826868938,0.6328059820,0.2845071242
-7.5000000000,54.5000000000,0.0845280352,0.6017713575,0.3137006074
-7.5000000000,55.5000000000,0.0832093445,0.5798272416,0.3369634139
-7.5000000000,57.5000000000,0.0889748806,0.5009105739,0.4101145455
-7.5000000000,58.5000000000,0.0940508561,0.4775818673,0.4283672765
-7.5000000000,62.5000000000,0.1198978213,0.4755564460,0.4045457326
-6.5000000000,35.5000000000,0.2440675776,0.2684374228,0.4874949996
-6.5000000000,36.5000000000,0.2376758005,0.2813820107,0.4809421888
-6.5000000000,37.5000000000,0.2358559973,0.2837727447,0.4803712580
-6.5000000000,38.5000000000,0.2315936505,0.2918466909,0.4765596586
-6.5000000000,39.5000000000,0.2113554552,0.3332435142,0.4554010306
-6.5000000000,40.5000000000,0.2029709491,0.3385538464,0.4584752045
-6.5000000000,41.5000000000,0.1849824661,0.3625488606,0.4524686733
-6.5000000000,42.5000000000,0.1750653439,0.3501701306,0.4747645255
-6.5000000000,43.5000000000,0.1293166131,0.4648751683,0.4058082186
-6.5000000000,52.5000000000,0.0756115948,0.6325723014,0.2918161038
-6.5000000000,53.5000000000,0.0727314126,0.6443841710,0.2828844165
-6.5000000000,54.5000000000,0.0729631144,0.6259099796,0.3011269060
-6.5000000000,55.5000000000,0.0730324295,0.6087751092,0.3181924613
-6.5000000000,56.5000000000,0.0765296212,0.5730589361,0.3504114426
-6.5000000000,57.5000000000,0.0830427601,0.5249041039,0.3920531360
-6.5000000000,58.5000000000,0.0896006267,0.4925776697,0.4178217037
-6.5000000000,61.5000000000,0.1129702826,0.4763682563,0.4106614611
-6.5000000000,62.5000000000,0.1205410737,0.4771921308,0.4022667955
-5.5000000000,35.5000000000,0.2753927049,0.2107908228,0.5138164722
-5.5000000000,36.5000000000,0.2696089989,0.2231106749,0.5072803262
-5.5000000000,37.5000000000,0.2619772004,0.2458414912,0.4921813084
-5.5000000000,38.5000000000,0.2619122290,0.2473596082,0.4907281627
-5.5000000000,39.5000000000,0.2463183559,0.2854022431,0.4682794010
-5.5000000000,40.5000000000,0.2429248399,0.2745227783,0.4825523818
-5.5000000000,41.5000000000,0.2094556580,0.3352153293,0.4553290127
-5.5000000000,42.5000000000,0.1859407560,0.3527543892,0.4613048549
-5.5000000000,43.5000000000,0.1359893162,0.4583103353,0.4057003486
-5.5000000000,50.5000000000,0.0744471133,0.5445602451,0.3809926416
-5.5000000000,51.5000000000,0.0779924563,0.5553660462,0.3666414975
-5.5000000000,54.5000000000,0.0633760431,0.6430708581,0.2935530988
-5.5000000000,55.5000000000,0.0655978352,0.6273545840,0.3070475807
-5.5000000000,56.5000000000,0.0720549015,0.5937579431,0.3341871554
-5.5000000000,57.5000000000,0.0795871439,0.5468927067,0.3735201494
-5.5000000000,58.5000000000,0.0854969433,0.5249888569,0.3895141998
-4.5000000000,35.5000000000,0.2894535657,0.1920627334,0.5184837009
-4.5000000000,36.5000000000,0.2889667179,0.1963501885,0.5146830935
-4.5000000000,37.5000000000,0.2950065962,0.1901555959,0.5148378079
-4.5000000000,38.5000000000,0.2953601243,0.1998051615,0.5048347142
-4.5000000000,39.5000000000,0.2870492182,0.2266787967,0.4862719851
-4.5000000000,40.5000000000,0.2747276943,0.2445372959,0.4807350097
-4.5000000000,41.5000000000,0.2401796746,0.3018140336,0.4580062918
-4.5000000000,42.5000000000,0.2051307684,0.3376392227,0.4572300088
-4.5000000000,43.5000000000,0.1413749270,0.4562076050,0.4024174680
-4.5000000000,47.5000000000,0.0552332689,0.5928231954,0.3519435357
-4.5000000000,48.5000000000,0.0528635469,0.5806235058,0.3665129473
-4.5000000000,50.5000000000,0.0774892811,0.4897643722,0.4327463467
-4.5000000000,51.5000000000,0.0827812502,0.4901523359,0.4270664139
-4.5000000000,52.5000000000,0.0793504390,0.5398806368,0.3807689242
-4.5000000000,53.5000000000,0.0715993865,0.5905397687,0.3378608448
-4.5000000000,54.5000000000,0.0654319980,0.6192000827,0.3153679193
-4.5000000000,55.5000000000,0.0673121290,0.6095564867,0.3231313843
-4.5000000000,56.5000000000,0.0747280009,0.5880604970,0.3372115021
-4.5000000000,57.5000000000,0.0788631806,0.5681201978,0.3530166216
-4.5000000000,58.5000000000,0.0842168192,0.5500823236,0.3657008572
-3.5000000000,35.5000000000,0.3044379918,0.1659382992,0.5296237090
-3.5000000000,36.5000000000,0.3098028669,0.1624671493,0.5277299839
-3.5000000000,37.5000000000,0.3320579625,0.1277182358,0.5402238017
-3.5000000000,38.5000000000,0.3268646619,0.1602413197,0.5128940184
-3.5000000000,39.5000000000,0.3175888417,0.1893089134,0.4931022449
-3.5000000000,40.5000000000,0.3008554497,0.2258198499,0.4733247004
-3.5000000000,41.5000000000,0.2753346006,0.2574228655,0.4672425339
-3.5000000000,42.5000000000,0.2182278195,0.3324179859,0.4493541946
-3.5000000000,43.5000000000,0.1376480675,0.4746248118,0.3877271208
-3.5000000000,47.5000000000,0.0541655099,0.5880897534,0.3577447367
-3.5000000000,48.5000000000,0.0561461374,0.5540381130,0.3898157496
-3.5000000000,50.5000000000,0.0797148588,0.4685459639,0.4517391773
-3.5000000000,51.5000000000,0.0853609370,0.4724161831,0.4422228799
-3.5000000000,52.5000000000,0.0869370571,0.4960357421,0.4170272008
-3.5000000000,53.5000000000,0.0759383599,0.5637861272,0.3602755129
-3.5000000000,54.5000000000,0.0702571875,0.5952403491,0.3345024634
-3.5000000000,55.5000000000,0.0705966093,0.5887357266,0.3406676641
-3.5000000000,56.5000000000,0.0716691689,0.5946958348,0.3336349964
-3.5000000000,57.5000000000,0.0756184709,0.5830894943,0.3412920348
-3.5000000000,58.5000000000,0.0822074164,0.5646641312,0.3531284524
-3.5000000000,59.5000000000,0.0932350630,0.5320529135,0.3747120235
-2.5000000000,35.5000000000,0.3143504655,0.1485948490,0.5370546855
-2.5000000000,36.5000000000,0.3200868275,0.1458663701,0.5340468024
-2.5000000000,37.5000000000,0.3503800487,0.1030012841,0.5466186672
-2.5000000000,38.5000000000,0.3587167299,0.1147017189,0.5265815512
-2.5000000000,39.5000000000,0.3443558696,0.1529631615,0.5026809689
-2.5000000000,40.5000000000,0.3282894912,0.1859946644,0.4857158444
-2.5000000000,41.5000000000,0.2897677298,0.2430831238,0.4671491465
-2.5000000000,42.5000000000,0.2124732669,0.3512155564,0.4363111767
-2.5000000000,43.5000000000,0.1279388949,0.5020096873,0.3700514178
-2.5000000000,46.5000000000,0.0557362980,0.6116537309,0.3326099711
-2.5000000000,47.5000000000,0.0522884400,0.5967329641,0.3509785960
-2.5000000000,48.5000000000,0.0556035338,0.5688015467,0.3755949195
-2.5000000000,49.5000000000,0.0641491914,0.5392043625,0.3966464461
-2.5000000000,50.5000000000,0.0759079419,0.5073851606,0.4167068975
-2.5000000000,51.5000000000,0.0820521044,0.5057876440,0.4121602516
-2.5000000000,52.5000000000,0.0824466451,0.5302000626,0.3873532923
-2.5000000000,53.5000000000,0.0781737117,0.5622365589,0.3595897294
-2.5000000000,54.5000000000,0.0772728728,0.5697847799,0.3529423473
-2.5000000000,55.5000000000,0.0713302131,0.5973373681,0.3313324189
-2.5000000000,56.5000000000,0.0673544400,0.6226363810,0.3100091790
-2.5000000000,57.5000000000,0.0744439744,0.5943973199,0.3311587057
-2.5000000000,58.5000000000,0.0830130267,0.5638524707,0.3531345026
-1.5000000000,35.5000000000,0.3259447922,0.1319008482,0.5421543597
-1.5000000000,36.5000000000,0.3238359876,0.1390624395,0.5371015729
-1.5000000000,37.5000000000,0.3327319359,0.1298780281,0.5373900360
-1.5000000000,38.5000000000,0.3500186975,0.1215005734,0.5284807290
-1.5000000000,39.5000000000,0.3515689187,0.1331873795,0.5152437018
-1.5000000000,40.5000000000,0.3410494212,0.1491872429,0.5097633359
-1.5000000000,41.5000000000,0.2735830179,0.2566865427,0.4697304394
-1.5000000000,42.5000000000,0.1918721704,0.3745379795,0.4335898501
-1.5000000000,43.5000000000,0.1198913039,0.5067169348,0.3733917613
-1.5000000000,44.5000000000,0.0818209168,0.5896795106,0.3284995726
-1.5000000000,45.5000000000,0.0626600196,0.6248693406,0.3124706398
-1.5000000000,46.5000000000,0.0529307994,0.6329262341,0.3141429666
-1.5000000000,47.5000000000,0.0490602678,0.6233108860,0.3276288462
-1.5000000000,48.5000000000,0.0559851269,0.5851203056,0.3588945675
-1.5000000000,49.5000000000,0.0649634389,0.5576948849,0.3773416762
-1.5000000000,50.5000000000,0.0731211588,0.5464337112,0.3804451300
-1.5000000000,51.5000000000,0.0810917154,0.5331405942,0.3857676905
-1.5000000000,52.5000000000,0.0794936135,0.5589989571,0.3615074294
-1.5000000000,53.5000000000,0.0772818188,0.5779588551,0.3447593261
-1.5000000000,54.5000000000,0.0748484123,0.5963906883,0.3287608994
-1.5000000000,55.5000000000,0.0712133495,0.6172264271,0.3115602234
-1.5000000000,57.5000000000,0.0786518781,0.5932430644,0.3281050575
-1.5000000000,59.5000000000,0.1002883718,0.5158809089,0.3838307193
-1.5000000000,60.5000000000,0.1113290854,0.4829329643,0.4057379503
-0.5000000000,35.5000000000,0.3431712823,0.1170396844,0.5397890334
-0.5000000000,37.5000000000,0.3323401992,0.1398191627,0.5278406380
-0.5000000000,38.5000000000,0.3418471856,0.1334205560,0.5247322584
-0.5000000000,39.5000000000,0.3406600011,0.1527442274,0.5065957715
-0.5000000000,40.5000000000,0.3383703569,0.1539783995,0.5076512435
-0.5000000000,41.5000000000,0.2623989832,0.2743957879,0.4632052289
-0.5000000000,42.5000000000,0.2008722984,0.3238591084,0.4752685932
-0.5000000000,43.5000000000,0.1132331364,0.5273331451,0.3594337185
-0.5000000000,44.5000000000,0.0789004493,0.6079259559,0.3131735949
-0.5000000000,45.5000000000,0.0623162331,0.6406518288,0.2970319381
-0.5000000000,46.5000000000,0.0569316854,0.6364322724,0.3066360422
-0.5000000000,47.5000000000,0.0553452057,0.6240503841,0.3206044102
-0.5000000000,48.5000000000,0.0655504684,0.5644098253,0.3700397064
-0.5000000000,49.5000000000,0.0721257802,0.5513099353,0.3765642845
-0.5000000000,50.5000000000,0.0768448275,0.5529246524,0.3702305201
-0.5000000000,51.5000000000,0.0826419438,0.5534777820,0.3638802742
-0.5000000000,52.5000000000,0.0767860103,0.5930229292,0.3301910606
-0.5000000000,53.5000000000,0.0724953850,0.6176992473,0.3098053678
-0.5000000000,54.5000000000,0.0736684013,0.6190287879,0.3073028108
-0.5000000000,60.5000000000,0.1179743389,0.4877958745,0.3942297866
0.5000000000,35.5000000000,0.3638489052,0.1110488188,0.5251022760
0.5000000000,36.5000000000,0.3528116793,0.1339539327,0.5132343880
0.5000000000,38.5000000000,0.3399719225,0.1599016428,0.5001264347
0.5000000000,40.5000000000,0.3082837273,0.2273192099,0.4643970628
0.5000000000,41.5000000000,0.2535604271,0.3010256505,0.4454139223
0.5000000000,42.5000000000,0.2148617867,0.3134683685,0.4716698447
0.5000000000,43.5000000000,0.1157963324,0.5396329386,0.3445707291
0.5000000000,44.5000000000,0.0798610251,0.6243691951,0.2957697798
0.5000000000,45.5000000000,0.0678402538,0.6380767976,0.2940829486
0.5000000000,46.5000000000,0.0653343240,0.6249748141,0.3096908619
0.5000000000,47.5000000000,0.0706255628,0.5826710306,0.3467034067
0.5000000000,48.5000000000,0.0840091403,0.5122738382,0.4037170216
0.5000000000,49.5000000000,0.0858087560,0.5133852386,0.4008060054
0.5000000000,50.5000000000,0.0829596852,0.5462278981,0.3708124167
0.5000000000,51.5000000000,0.0817551310,0.5740388828,0.3442059862
0.5000000000,52.5000000000,0.0744773777,0.6216863819,0.3038362404
0.5000000000,53.5000000000,0.0733150858,0.6305089655,0.2961759488
1.5000000000,35.5000000000,0.4031148054,0.0955732349,0.5013119597
1.5000000000,36.5000000000,0.3825766194,0.1312796232,0.4861437574
1.5000000000,38.5000000000,0.3561994957,0.1710376996,0.4727628047
1.5000000000,39.5000000000,0.3444883836,0.2030084194,0.4525031970
1.5000000000,41.5000000000,0.2562065178,0.3214532713,0.4223402109
1.5000000000,42.5000000000,0.2195867160,0.3295283899,0.4508848941
1.5000000000,43.5000000000,0.1169930841,0.5648561853,0.3181507306
1.5000000000,44.5000000000,0.0850411689,0.6324746703,0.2824841609
1.5000000000,45.5000000000,0.0764358345,0.6302866712,0.2932774942
1.5000000000,46.5000000000,0.0757914134,0.6090616904,0.3151468963
1.5000000000,47.5000000000,0.0859687322,0.5502099156,0.3638213523
1.5000000000,48.5000000000,0.1064089162,0.4570528090,0.4365382748
1.5000000000,49.5000000000,0.1003419352,0.4703605860,0.4292974788
1.5000000000,50.5000000000,0.0906920465,0.5242868848,0.3850210687
1.5000000000,51.5000000000,0.0856060535,0.5684837075,0.3459102390
1.5000000000,52.5000000000,0.0800256030,0.6071216829,0.3128527141
2.5000000000,35.5000000000,0.4334785480,0.1012270669,0.4652943851
2.5000000000,36.5000000000,0.4191173542,0.1302086705,0.4506739754
2.5000000000,39.5000000000,0.3821509392,0.2085296565,0.4093194043
2.5000000000,41.5000000000,0.2709488986,0.3498462688,0.3792048326
2.5000000000,42.5000000000,0.2175853630,0.4025428549,0.3798717821
2.5000000000,43.5000000000,0.1376712476,0.5503911313,0.3119376211
2.5000000000,44.5000000000,0.1041481902,0.6059320240,0.2899197857
2.5000000000,45.5000000000,0.0944040968,0.6023595204,0.3032363828
2.5000000000,46.5000000000,0.0832574605,0.6186075722,0.2981349673
2.5000000000,47.5000000000,0.0892141609,0.5698118384,0.3409740007
2.5000000000,48.5000000000,0.1024912168,0.4918443734,0.4056644097
2.5000000000,49.5000000000,0.0992563015,0.4852988200,0.4154448785
2.5000000000,50.5000000000,0.0946205473,0.5171623929,0.3882170598
2.5000000000,51.5000000000,0.0896047622,0.5629247505,0.3474704874
3.5000000000,35.5000000000,0.4680889471,0.1063554274,0.4255556255
3.5000000000,36.5000000000,0.4619961214,0.1258410959,0.4121627826
3.5000000000,39.5000000000,0.4342515921,0.2086115701,0.3571368378
3.5000000000,40.5000000000,0.3801300488,0.2697820583,0.3500878929
3.5000000000,41.5000000000,0.3060575995,0.3572583627,0.3366840378
3.5000000000,42.5000000000,0.2284784405,0.4593127863,0.3122087732
3.5000000000,43.5000000000,0.1707501223,0.5377129559,0.2915369218
3.5000000000,44.5000000000,0.1542798959,0.5253927783,0.3203273258
3.5000000000,45.5000000000,0.1166891269,0.5902556434,0.2930552296
3.5000000000,46.5000000000,0.0911904464,0.6362382454,0.2725713082
3.5000000000,47.5000000000,0.0886722015,0.6134443020,0.2978834965
3.5000000000,48.5000000000,0.0975261484,0.5512832925,0.3511905590
3.5000000000,49.5000000000,0.0989005687,0.5271858031,0.3739136282
3.5000000000,50.5000000000,0.0962945092,0.5390385732,0.3646669176
3.5000000000,51.5000000000,0.0939206325,0.5641882908,0.3418910767
4.5000000000,35.5000000000,0.4944504052,0.1171160749,0.3884335199
4.5000000000,36.5000000000,0.4979563005,0.1224264981,0.3796172014
4.5000000000,39.5000000000,0.4792790945,0.2044248822,0.3162960233
4.5000000000,40.5000000000,0.4289772997,0.2578851828,0.3131375175
4.5000000000,43.5000000000,0.2212924050,0.5029250262,0.2757825688
4.5000000000,44.5000000000,0.1851033506,0.5345029125,0.2803937369
4.5000000000,45.5000000000,0.1448920696,0.5816299858,0.2734779447
4.5000000000,46.5000000000,0.1083178834,0.6313854705,0.2602966460
4.5000000000,47.5000000000,0.1006236763,0.6156466133,0.2837297104
4.5000000000,48.5000000000,0.0970224370,0.5943892305,0.3085883325
4.5000000000,49.5000000000,0.1005426707,0.5631637716,0.3362935577
4.5000000000,50.5000000000,0.1006526986,0.5568441064,0.3425031950
4.5000000000,51.5000000000,0.0977734220,0.5746793031,0.3275472748
4.5000000000,52.5000000000,0.0986262870,0.5804055143,0.3209681986
4.5000000000,53.5000000000,0.1007362547,0.5830579599,0.3162057853
4.5000000000,60.5000000000,0.1758444082,0.4760102145,0.3481453773
4.5000000000,61.5000000000,0.1896148350,0.4630617404,0.3473234245
5.5000000000,35.5000000000,0.5226018183,0.1114857921,0.3659123896
5.5000000000,36.5000000000,0.5181467638,0.1262380319,0.3556152044
5.5000000000,43.5000000000,0.3109907953,0.4108288590,0.2781803456
5.5000000000,44.5000000000,0.2808009934,0.4131473497,0.3060516569
5.5000000000,45.5000000000,0.1881148234,0.5395910210,0.2722941555
5.5000000000,46.5000000000,0.1321528361,0.6085685052,0.2592786587
5.5000000000,47.5000000000,0.1055903193,0.6361906566,0.2582190241
5.5000000000,48.5000000000,0.1044823155,0.6030870830,0.2924306016
5.5000000000,49.5000000000,0.1058958812,0.5773387959,0.3167653229
5.5000000000,50.5000000000,0.1040438936,0.5701604391,0.3257956673
5.5000000000,51.5000000000,0.1004615115,0.5852100295,0.3143284589
5.5000000000,52.5000000000,0.1020776045,0.5842565424,0.3136658532
5.5000000000,53.5000000000,0.1058972026,0.5797181302,0.3143846672
5.5000000000,58.5000000000,0.1560093161,0.5082419521,0.3357487318
5.5000000000,59.5000000000,0.1767329296,0.4775028833,0.3457641871
5.5000000000,60.5000000000,0.2020446455,0.4394308398,0.3585245147
5.5000000000,61.5000000000,0.2238973843,0.4159125204,0.3601900952
5.5000000000,62.5000000000,0.2197684427,0.4413150442,0.3389165131
6.5000000000,35.5000000000,0.5448149934,0.1015666014,0.3536184052
6.5000000000,36.5000000000,0.5241223418,0.1349926918,0.3408849664
6.5000000000,37.5000000000,0.5082494880,0.1791491721,0.3126013400
6.5000000000,43.5000000000,0.3979734712,0.3331132447,0.2689132841
6.5000000000,44.5000000000,0.4050113272,0.2640003560,0.3309883169
6.5000000000,45.5000000000,0.2970904503,0.3599715674,0.3429379823
6.5000000000,46.5000000000,0.1707465626,0.5392599525,0.2899934850
6.5000000000,47.5000000000,0.1236681968,0.6110403617,0.2652914415
6.5000000000,48.5000000000,0.1122993886,0.6079249115,0.2797756999
6.5000000000,49.5000000000,0.1081946456,0.5916644793,0.3001408750
6.5000000000,50.5000000000,0.1099939347,0.5694831821,0.3205228832
6.5000000000,51.5000000000,0.1036591565,0.5933430318,0.3029978117
6.5000000000,52.5000000000,0.1064803035,0.5861622183,0.3073574782
6.5000000000,53.5000000000,0.1102701520,0.5788900206,0.3108398275
6.5000000000,58.5000000000,0.1764497831,0.4765802523,0.3469699646
6.5000000000,59.5000000000,0.2194885129,0.3955159548,0.3849955323
6.5000000000,60.5000000000,0.2489115991,0.3681669489,0.3829214519
6.5000000000,61.5000000000,0.2644735742,0.3649939463,0.3705324795
6.5000000000,62.5000000000,0.2502617965,0.4093785640,0.3403596395
7.5000000000,35.5000000000,0.5461342406,0.1097931156,0.3440726438
7.5000000000,36.5000000000,0.5250496330,0.1447738147,0.3301765523
7.5000000000,37.5000000000,0.5073182003,0.1869587164,0.3057230833
7.5000000000,43.5000000000,0.4449289503,0.3135853080,0.2414857417
7.5000000000,44.5000000000,0.4209551487,0.2879147437,0.2911301076
7.5000000000,45.5000000000,0.3447414315,0.3175297732,0.3377287954
7.5000000000,46.5000000000,0.2396393455,0.4105861242,0.3497745303
7.5000000000,47.5000000000,0.1400600930,0.5830854160,0.2768544911
7.5000000000,48.5000000000,0.1187041288,0.6038919234,0.2774039477
7.5000000000,49.5000000000,0.1154232012,0.5878324653,0.2967443335
7.5000000000,50.5000000000,0.1125879060,0.5826443473,0.3047677468
7.5000000000,51.5000000000,0.1122687725,0.5835906753,0.3041405522
7.5000000000,52.5000000000,0.1110643531,0.5875734816,0.3013621653
7.5000000000,53.5000000000,0.1159175312,0.5782179393,0.3058645295
7.5000000000,58.5000000000,0.1879530083,0.4806880293,0.3313589624
7.5000000000,59.5000000000,0.2507515974,0.3732613174,0.3759870851
7.5000000000,60.5000000000,0.2927821411,0.3232308708,0.3839869881
7.5000000000,61.5000000000,0.3066500582,0.3249854384,0.3683645034
7.5000000000,62.5000000000,0.2934638414,0.3560251812,0.3505109774
7.5000000000,63.5000000000,0.2584431920,0.4251934459,0.3163633622
8.5000000000,35.5000000000,0.5393461304,0.1201511804,0.3405026892
8.5000000000,36.5000000000,0.5216146283,0.1532459134,0.3251394583
8.5000000000,37.5000000000,0.5017519590,0.1942396703,0.3040083707
8.5000000000,38.5000000000,0.4969777962,0.2143534166,0.2886687872
8.5000000000,39.5000000000,0.4981615908,0.2291696853,0.2726687239
8.5000000000,40.5000000000,0.5000405303,0.2440899993,0.2558694704
8.5000000000,41.5000000000,0.4939276280,0.2724085254,0.2336638466
8.5000000000,42.5000000000,0.5077191101,0.2695218538,0.2227590361
8.5000000000,43.5000000000,0.4852900380,0.2965611330,0.2181488289
8.5000000000,44.5000000000,0.4370401365,0.3174337031,0.2455261603
8.5000000000,45.5000000000,0.3289248186,0.3958783660,0.2751968155
8.5000000000,46.5000000000,0.2964756131,0.3354144046,0.3681099823
8.5000000000,47.5000000000,0.1702180462,0.5276583016,0.3021236522
8.5000000000,48.5000000000,0.1411457540,0.5533502615,0.3055039845
8.5000000000,49.5000000000,0.1188710566,0.5958594465,0.2852694969
8.5000000000,50.5000000000,0.1204390119,0.5796552833,0.2999057048
8.5000000000,51.5000000000,0.1227644753,0.5705019419,0.3067335827
8.5000000000,52.5000000000,0.1190922105,0.5850599646,0.2958478248
8.5000000000,53.5000000000,0.1218279319,0.5793142954,0.2988577727
8.5000000000,54.5000000000,0.1235903628,0.5782869506,0.2981226866
8.5000000000,55.5000000000,0.1251174766,0.5801630225,0.2947195009
8.5000000000,56.5000000000,0.1324613299,0.5750484489,0.2924902212
8.5000000000,57.5000000000,0.1492925821,0.5639607070,0.2867467110
8.5000000000,58.5000000000,0.1811433505,0.5223400742,0.2965165754
8.5000000000,59.5000000000,0.2399418963,0.4302192194,0.3298388842
8.5000000000,60.5000000000,0.2954966006,0.3576875540,0.3468158454
8.5000000000,61.5000000000,0.3420573586,0.3014680734,0.3564745679
8.5000000000,62.5000000000,0.3270288843,0.3217712986,0.3511998171
8.5000000000,63.5000000000,0.2779646710,0.4083506553,0.3136846737
9.5000000000,35.5000000000,0.5207934759,0.1439190333,0.3352874908
9.5000000000,36.5000000000,0.5120969180,0.1629188515,0.3249842305
9.5000000000,37.5000000000,0.4922934310,0.2003088105,0.3073977585
9.5000000000,39.5000000000,0.4809835153,0.2411441617,0.2778723230
9.5000000000,40.5000000000,0.4845125607,0.2557946914,0.2596927479
9.5000000000,41.5000000000,0.4817334741,0.2871313914,0.2311351345
9.5000000000,42.5000000000,0.5192382568,0.2677874292,0.2129743140
9.5000000000,44.5000000000,0.5112642341,0.2607384118,0.2279973541
9.5000000000,45.5000000000,0.3806991282,0.3555713162,0.2637295556
9.5000000000,46.5000000000,0.3441962705,0.2871776819,0.3686260476
9.5000000000,47.5000000000,0.2001810161,0.4764545462,0.3233644378
9.5000000000,48.5000000000,0.1609732397,0.5275461112,0.3114806491
9.5000000000,49.5000000000,0.1398423991,0.5605804746,0.2995771262
9.5000000000,50.5000000000,0.1348554455,0.5620796578,0.3030648967
9.5000000000,51.5000000000,0.1307447941,0.5733021744,0.2959530315
9.5000000000,52.5000000000,0.1281926796,0.5844076213,0.2873996991
9.5000000000,53.5000000000,0.1286546667,0.5834327736,0.2879125597
9.5000000000,54.5000000000,0.1277424755,0.5868991575,0.2853583670
9.5000000000,55.5000000000,0.1305298804,0.5848220021,0.2846481174
9.5000000000,56.5000000000,0.1372152173,0.5825289788,0.2802558039
9.5000000000,57.5000000000,0.1530905665,0.5749414476,0.2719679859
9.5000000000,58.5000000000,0.1740509575,0.5589024630,0.2670465795
9.5000000000,59.5000000000,0.2184571671,0.4983482845,0.2831945484
9.5000000000,60.5000000000,0.2714488904,0.4268465138,0.3017045958
9.5000000000,61.5000000000,0.3194099071,0.3559472705,0.3246428224
9.5000000000,62.5000000000,0.3334997226,0.3159988019,0.3505014754
9.5000000000,63.5000000000,0.2922479140,0.3939804878,0.3137715981
10.5000000000,35.5000000000,0.4966580199,0.1719653165,0.3313766637
10.5000000000,36.5000000000,0.4932083628,0.1826679843,0.3241236529
10.5000000000,37.5000000000,0.4800099379,0.2089350314,0.3110550307
10.5000000000,42.5000000000,0.4551581163,0.3364667766,0.2083751072
10.5000000000,43.5000000000,0.5523862266,0.2569361153,0.1906776581
10.5000000000,44.5000000000,0.5442996458,0.2402487988,0.2154515554
10.5000000000,45.5000000000,0.4212743722,0.3148164305,0.2639091973
10.5000000000,46.5000000000,0.3965066560,0.2248937833,0.3785995607
10.5000000000,47.5000000000,0.2726284704,0.3656893323,0.3616821973
10.5000000000,48.5000000000,0.1956092298,0.4862367886,0.3181539816
10.5000000000,49.5000000000,0.1698424054,0.5213163286,0.3088412660
10.5000000000,50.5000000000,0.1578989068,0.5321628650,0.3099382283
10.5000000000,51.5000000000,0.1492509255,0.5538655074,0.2968835671
10.5000000000,52.5000000000,0.1434064418,0.5763786123,0.2802149459
10.5000000000,53.5000000000,0.1406724309,0.5804659253,0.2788616438
10.5000000000,54.5000000000,0.1369851593,0.5866482480,0.2763665927
10.5000000000,55.5000000000,0.1405826343,0.5837966970,0.2756206687
10.5000000000,56.5000000000,0.1471942198,0.5828526261,0.2699531541
10.5000000000,57.5000000000,0.1601873198,0.5784029130,0.2614097672
10.5000000000,59.5000000000,0.2084319512,0.5370521327,0.2545159161
10.5000000000,60.5000000000,0.2534500742,0.4774392017,0.2691107241
10.5000000000,61.5000000000,0.3072177233,0.3899903388,0.3027919380
10.5000000000,62.5000000000,0.3254177045,0.3447026335,0.3298796620
10.5000000000,63.5000000000,0.3016012024,0.3895928907,0.3088059069
10.5000000000,64.5000000000,0.2878601993,0.4122980872,0.2998417135
11.5000000000,35.5000000000,0.4860119045,0.1795971072,0.3343909884
11.5000000000,36.5000000000,0.4793891735,0.1915172948,0.3290935317
11.5000000000,42.5000000000,0.3457895696,0.4196343587,0.2345760716
11.5000000000,43.5000000000,0.4450064424,0.3224297509,0.2325638067
11.5000000000,44.5000000000,0.4399035572,0.3253381728,0.2347582701
11.5000000000,45.5000000000,0.3905034628,0.3422907660,0.2672057713
11.5000000000,46.5000000000,0.3886828685,0.2644421801,0.3468749514
11.5000000000,47.5000000000,0.3166128432,0.3310376769,0.3523494798
11.5000000000,48.5000000000,0.2365475140,0.4471580321,0.3162944538
11.5000000000,49.5000000000,0.2146182157,0.4663229429,0.3190588415
11.5000000000,50.5000000000,0.2007571324,0.4803371705,0.3189056972
11.5000000000,51.5000000000,0.1804838931,0.5273623873,0.2921537195
11.5000000000,52.5000000000,0.1760700171,0.5436383510,0.2802916319
11.5000000000,53.5000000000,0.1656541457,0.5568009484,0.2775449059
11.5000000000,54.5000000000,0.1607497483,0.5609944631,0.2782557887
11.5000000000,55.5000000000,0.1610533948,0.5634406748,0.2755059303
11.5000000000,57.5000000000,0.1735140916,0.5730765063,0.2534094021
11.5000000000,58.5000000000,0.1927540410,0.5593516179,0.2478943411
11.5000000000,59.5000000000,0.2260773065,0.5227949799,0.2511277136
11.5000000000,60.5000000000,0.2632208955,0.4769332138,0.2598458907
11.5000000000,61.5000000000,0.3152362354,0.3963296054,0.2884341592
11.5000000000,62.5000000000,0.3468808525,0.3373117504,0.3158073971
11.5000000000,63.5000000000,0.3293462462,0.3649164441,0.3057373097
11.5000000000,64.5000000000,0.3030214105,0.4047363302,0.2922422594
11.5000000000,65.5000000000,0.2785707787,0.4403139920,0.2811152293
12.5000000000,37.5000000000,0.4543722551,0.2146189792,0.3310087657
12.5000000000,38.5000000000,0.4017639693,0.2792703489,0.3189656817
12.5000000000,41.5000000000,0.2435278926,0.5004605618,0.2560115455
12.5000000000,42.5000000000,0.2838471437,0.4455981088,0.2705547476
12.5000000000,43.5000000000,0.3436657051,0.3889138387,0.2674204562
12.5000000000,44.5000000000,0.3406324684,0.4078409112,0.2515266204
12.5000000000,45.5000000000,0.3294810368,0.4057061903,0.2648127729
12.5000000000,46.5000000000,0.3835290623,0.2755344866,0.3409364511
12.5000000000,47.5000000000,0.3474174264,0.3047412211,0.3478413525
12.5000000000,48.5000000000,0.2764986166,0.4133729544,0.3101284290
12.5000000000,49.5000000000,0.2607450603,0.4122273277,0.3270276121
12.5000000000,50.5000000000,0.2446230601,0.4288278708,0.3265490691
12.5000000000,51.5000000000,0.2147251265,0.4897682898,0.2955065836
12.5000000000,52.5000000000,0.2059678527,0.5075996185,0.2864325288
12.5000000000,53.5000000000,0.1926354212,0.5245291851,0.2828353937
12.5000000000,54.5000000000,0.1884106122,0.5281985111,0.2833908767
12.5000000000,55.5000000000,0.1869718963,0.5377158904,0.2753122133
12.5000000000,56.5000000000,0.1921136938,0.5393002405,0.2685860657
12.5000000000,57.5000000000,0.2009785297,0.5443222178,0.2546992525
12.5000000000,58.5000000000,0.2181272144,0.5387763027,0.2430964829
12.5000000000,59.5000000000,0.2522616886,0.5013803754,0.2463579360
12.5000000000,60.5000000000,0.2973601707,0.4441241353,0.2585156940
12.5000000000,61.5000000000,0.3465795514,0.3735161881,0.2799042605
12.5000000000,62.5000000000,0.3814404500,0.3175723396,0.3009872104
12.5000000000,63.5000000000,0.3735452017,0.3224355477,0.3040192506
12.5000000000,64.5000000000,0.3391165608,0.3696390374,0.2912444018
12.5000000000,65.5000000000,0.2995419191,0.4197695514,0.2806885296
12.5000000000,66.5000000000,0.2593613193,0.4775572804,0.2630814003
12.5000000000,67.5000000000,0.2338067563,0.5105289111,0.2556643325
13.5000000000,37.5000000000,0.4340633381,0.2231553762,0.3427812856
13.5000000000,38.5000000000,0.3703065948,0.3076868338,0.3220065714
13.5000000000,41.5000000000,0.2463753758,0.4628911660,0.2907334582
13.5000000000,42.5000000000,0.2774936629,0.4133539910,0.3091523461
13.5000000000,43.5000000000,0.2672783120,0.4649651813,0.2677565068
13.5000000000,44.5000000000,0.2851545285,0.4479013034,0.2669441681
13.5000000000,45.5000000000,0.3001423539,0.4179031018,0.2819545443
13.5000000000,46.5000000000,0.3520270806,0.3108953198,0.3370775997
13.5000000000,47.5000000000,0.3584794448,0.2918826873,0.3496378679
13.5000000000,48.5000000000,0.3152387421,0.3694014435,0.3153598144
13.5000000000,49.5000000000,0.2992295315,0.3696420182,0.3311284503
13.5000000000,50.5000000000,0.2751247749,0.3965767677,0.3282984574
13.5000000000,51.5000000000,0.2398713732,0.4617638192,0.2983648076
13.5000000000,52.5000000000,0.2231893042,0.4917987755,0.2850119203
13.5000000000,53.5000000000,0.2111836945,0.5085398744,0.2802764311
13.5000000000,54.5000000000,0.1954022616,0.5382423474,0.2663553910
13.5000000000,55.5000000000,0.2092739607,0.5239736261,0.2667524132
13.5000000000,56.5000000000,0.2348222585,0.4929130916,0.2722646499
13.5000000000,57.5000000000,0.2428982959,0.4982450311,0.2588566729
13.5000000000,58.5000000000,0.2541296295,0.5078946975,0.2379756730
13.5000000000,59.5000000000,0.2861224377,0.4769462634,0.2369312989
13.5000000000,60.5000000000,0.3347805486,0.4149003962,0.2503190551
13.5000000000,61.5000000000,0.3719721611,0.3664760907,0.2615517482
13.5000000000,62.5000000000,0.3944154372,0.3329863595,0.2725982033
13.5000000000,63.5000000000,0.3909688105,0.3339903167,0.2750408728
13.5000000000,64.5000000000,0.3681624497,0.3531870138,0.2786505365
13.5000000000,65.5000000000,0.3303400624,0.3891223707,0.2805375669
13.5000000000,66.5000000000,0.2770232078,0.4580900838,0.2648867084
13.5000000000,67.5000000000,0.2290924728,0.5285034782,0.2424040490
13.5000000000,68.5000000000,0.2060458885,0.5567991166,0.2371549949
14.5000000000,35.5000000000,0.4343291015,0.2250477788,0.3406231198
14.5000000000,36.5000000000,0.4221118063,0.2387151951,0.3391729986
14.5000000000,37.5000000000,0.4225281214,0.2286578169,0.3488140617
14.5000000000,38.5000000000,0.3475514243,0.3328413351,0.3196072406
14.5000000000,40.5000000000,0.2357145561,0.4793977391,0.2848877049
14.5000000000,41.5000000000,0.2401920812,0.4567418081,0.3030661107
14.5000000000,42.5000000000,0.2219373545,0.5030479959,0.2750146496
14.5000000000,44.5000000000,0.2573654357,0.4611592520,0.2814753123
14.5000000000,45.5000000000,0.2987002736,0.3803115651,0.3209881613
14.5000000000,46.5000000000,0.3182489955,0.3375871729,0.3441638316
14.5000000000,47.5000000000,0.3384321756,0.2936440978,0.3679237266
14.5000000000,48.5000000000,0.3096718123,0.3429940801,0.3473341077
14.5000000000,49.5000000000,0.3005295524,0.3487818696,0.3506885780
14.5000000000,50.5000000000,0.2763319383,0.3914432897,0.3322247720
14.5000000000,51.5000000000,0.2485148623,0.4499490223,0.3015361154
14.5000000000,52.5000000000,0.2298001805,0.4892742521,0.2809255675
14.5000000000,53.5000000000,0.2219836781,0.5056261000,0.2723902220
14.5000000000,54.5000000000,0.2186992928,0.5174979549,0.2638027523
14.5000000000,55.5000000000,0.2313723956,0.5080043879,0.2606232165
14.5000000000,56.5000000000,0.2568385488,0.4830570231,0.2601044281
14.5000000000,57.5000000000,0.2729886694,0.4726162444,0.2543950863
14.5000000000,58.5000000000,0.2885362449,0.4732486281,0.2382151270
14.5000000000,59.5000000000,0.3262747709,0.4370431005,0.2366821285
14.5000000000,60.5000000000,0.3629213445,0.3970957267,0.2399829288
14.5000000000,61.5000000000,0.3866460629,0.3671524964,0.2462014407
14.5000000000,62.5000000000,0.3971660877,0.3569197020,0.2459142103
14.5000000000,63.5000000000,0.3900453722,0.3661196988,0.2438349291
14.5000000000,64.5000000000,0.3765873285,0.3617070586,0.2617056128
14.5000000000,65.5000000000,0.3442256863,0.3809470153,0.2748272984
14.5000000000,66.5000000000,0.2984410914,0.4293853576,0.2721735511
14.5000000000,67.5000000000,0.2244561643,0.5399476894,0.2355961463
14.5000000000,68.5000000000,0.1961378827,0.5776636398,0.2261984775
15.5000000000,36.5000000000,0.4057686182,0.2592291834,0.3350021984
15.5000000000,37.5000000000,0.3884735961,0.2824325343,0.3290938696
15.5000000000,38.5000000000,0.3464648890,0.3334473983,0.3200877127
15.5000000000,39.5000000000,0.2863718347,0.4155454602,0.2980827051
15.5000000000,40.5000000000,0.2613478887,0.4217796780,0.3168724332
15.5000000000,41.5000000000,0.2254712111,0.4842937321,0.2902350568
15.5000000000,43.5000000000,0.2279942996,0.4884977139,0.2835079865
15.5000000000,44.5000000000,0.2691910673,0.4067970203,0.3240119124
15.5000000000,45.5000000000,0.2633780853,0.4134310487,0.3231908660
15.5000000000,46.5000000000,0.2752103277,0.3808199507,0.3439697216
15.5000000000,47.5000000000,0.2972107397,0.3230135209,0.3797757393
15.5000000000,48.5000000000,0.2741472439,0.3576047297,0.3682480264
15.5000000000,49.5000000000,0.2729252700,0.3577562671,0.3693184629
15.5000000000,50.5000000000,0.2610000787,0.3961679423,0.3428319791
15.5000000000,51.5000000000,0.2384288771,0.4576955972,0.3038755257
15.5000000000,52.5000000000,0.2281347962,0.4888607767,0.2830044271
15.5000000000,53.5000000000,0.2328059265,0.4899313674,0.2772627061
15.5000000000,54.5000000000,0.2398991300,0.4887618406,0.2713390294
15.5000000000,55.5000000000,0.2555981361,0.4782598410,0.2661420229
15.5000000000,56.5000000000,0.2806113129,0.4561805518,0.2632081353
15.5000000000,57.5000000000,0.3049260904,0.4389309189,0.2561429907
15.5000000000,58.5000000000,0.3171310878,0.4429257673,0.2399431449
15.5000000000,59.5000000000,0.3388409649,0.4278546575,0.2333043777
15.5000000000,60.5000000000,0.3636010934,0.4042036793,0.2321952273
15.5000000000,61.5000000000,0.3797251888,0.3869464907,0.2333283205
15.5000000000,62.5000000000,0.3874049515,0.3770899561,0.2355050924
15.5000000000,63.5000000000,0.3785846688,0.3857269353,0.2356883959
15.5000000000,64.5000000000,0.3576869415,0.3949778783,0.2473351802
15.5000000000,65.5000000000,0.3364394165,0.3999206027,0.2636399808
15.5000000000,66.5000000000,0.3050579293,0.4225570873,0.2723849835
15.5000000000,67.5000000000,0.2345370241,0.5239048474,0.2415581285
15.5000000000,68.5000000000,0.1952885459,0.5813698530,0.2233416011
15.5000000000,69.5000000000,0.1761872754,0.6115195673,0.2122931573
16.5000000000,37.5000000000,0.3792220058,0.2954291055,0.3253488887
16.5000000000,38.5000000000,0.3594394701,0.3208107286,0.3197498013
16.5000000000,39.5000000000,0.3399373871,0.3374736580,0.3225889549
16.5000000000,40.5000000000,0.2765852803,0.4153305214,0.3080841983
16.5000000000,41.5000000000,0.2381975046,0.4706093537,0.2911931417
16.5000000000,42.5000000000,0.2291053252,0.4806528460,0.2902418287
16.5000000000,43.5000000000,0.2463415828,0.4384187296,0.3152396876
16.5000000000,44.5000000000,0.2703236344,0.3819148163,0.3477615492
16.5000000000,45.5000000000,0.2385578658,0.4368503936,0.3245917406
16.5000000000,46.5000000000,0.2411486124,0.4199269376,0.3389244501
16.5000000000,47.5000000000,0.2424287494,0.3984748552,0.3590963954
16.5000000000,48.5000000000,0.2333214975,0.3999508960,0.3667276065
16.5000000000,49.5000000000,0.2421313411,0.3918517071,0.3660169518
16.5000000000,50.5000000000,0.2399407323,0.4213927368,0.3386665310
16.5000000000,51.5000000000,0.2218070490,0.4807885352,0.2974044158
16.5000000000,52.5000000000,0.2225041809,0.4953107087,0.2821851105
16.5000000000,53.5000000000,0.2420595105,0.4726438016,0.2852966879
16.5000000000,54.5000000000,0.2626486997,0.4540126179,0.2833386824
16.5000000000,56.5000000000,0.3024007935,0.4306485446,0.2669506618
16.5000000000,57.5000000000,0.3243498172,0.4201548604,0.2554953224
16.5000000000,58.5000000000,0.3353687666,0.4211897430,0.2434414904
16.5000000000,59.5000000000,0.3483814641,0.4161451232,0.2354734127
16.5000000000,60.5000000000,0.3608975907,0.4076701314,0.2314322778
16.5000000000,61.5000000000,0.3683345533,0.4030152251,0.2286502217
16.5000000000,62.5000000000,0.3718547232,0.3936048282,0.2345404486
16.5000000000,63.5000000000,0.3593158403,0.4038637487,0.2368204111
16.5000000000,64.5000000000,0.3425519676,0.4119936830,0.2454543494
16.5000000000,65.5000000000,0.3176264825,0.4284117961,0.2539617214
16.5000000000,66.5000000000,0.2953973157,0.4382053123,0.2663973720
16.5000000000,67.5000000000,0.2589656933,0.4774411384,0.2635931682
16.5000000000,68.5000000000,0.1971602583,0.5789403658,0.2238993759
16.5000000000,69.5000000000,0.1721798034,0.6189420251,0.2088781716
17.5000000000,38.5000000000,0.3625997037,0.3189021687,0.3184981276
17.5000000000,39.5000000000,0.3285748332,0.3620959739,0.3093291929
17.5000000000,40.5000000000,0.2947570033,0.3954778144,0.3097651823
17.5000000000,41.5000000000,0.2637541283,0.4322670056,0.3039788661
17.5000000000,42.5000000000,0.2474364760,0.4460656358,0.3064978882
17.5000000000,43.5000000000,0.2750852647,0.3729856354,0.3519290999
17.5000000000,44.5000000000,0.2612198920,0.3870692950,0.3517108130
17.5000000000,45.5000000000,0.2326292911,0.4365719345,0.3307987744
17.5000000000,46.5000000000,0.2251371771,0.4393799762,0.3354828467
17.5000000000,47.5000000000,0.2197138711,0.4378288216,0.3424573072
17.5000000000,48.5000000000,0.2159463290,0.4369398333,0.3471138377
17.5000000000,49.5000000000,0.2277622120,0.4247620686,0.3474757194
17.5000000000,50.5000000000,0.2239634259,0.4542127638,0.3218238103
17.5000000000,51.5000000000,0.2137988573,0.4918025942,0.2943985485
17.5000000000,52.5000000000,0.2159962281,0.5021628790,0.2818408929
17.5000000000,53.5000000000,0.2449134134,0.4653224926,0.2897640940
17.5000000000,54.5000000000,0.2833425458,0.4161916088,0.3004658453
17.5000000000,57.5000000000,0.3370997712,0.3965522485,0.2663479803
17.5000000000,58.5000000000,0.3450955771,0.4012393446,0.2536650784
17.5000000000,59.5000000000,0.3528882661,0.4023289650,0.2447827689
