Lon,Lat,C_KK10LonLatElev,B_KK10LonLatElev,U_KK10LonLatElev
-9.5000000000,38.5000000000,0.1899690938,0.1317590532,0.6782718529
-9.5000000000,39.5000000000,0.1819697432,0.1310285034,0.6870017534
-9.5000000000,42.5000000000,0.1421700809,0.1430502495,0.7147796695
-9.5000000000,43.5000000000,0.1192203331,0.1544459651,0.7263337018
-9.5000000000,51.5000000000,0.0716841126,0.2687805137,0.6595353737
-9.5000000000,52.5000000000,0.0677876488,0.2591083644,0.6731039868
-9.5000000000,53.5000000000,0.0715718711,0.2461342924,0.6822938365
-9.5000000000,54.5000000000,0.0749578977,0.2142481375,0.7107939648
-8.5000000000,37.5000000000,0.2145223495,0.1257157278,0.6597619227
-8.5000000000,38.5000000000,0.2181088836,0.1222901216,0.6596009948
-8.5000000000,39.5000000000,0.1916567731,0.1256888929,0.6826543341
-8.5000000000,40.5000000000,0.1866083212,0.1231841449,0.6902075339
-8.5000000000,41.5000000000,0.1670641526,0.1273054028,0.7056304446
-8.5000000000,42.5000000000,0.1517106548,0.1321800508,0.7161092944
-8.5000000000,43.5000000000,0.1334466669,0.1458699953,0.7206833379
-8.5000000000,51.5000000000,0.0639634846,0.2469525388,0.6890839765
-8.5000000000,52.5000000000,0.0660175391,0.2336002638,0.7003821971
-8.5000000000,53.5000000000,0.0715817453,0.2239523692,0.7044658855
-8.5000000000,54.5000000000,0.0831494714,0.1973312887,0.7195192399
-8.5000000000,55.5000000000,0.0734461813,0.1735341376,0.7530196811
-7.5000000000,37.5000000000,0.2160552363,0.1244910713,0.6594536924
-7.5000000000,38.5000000000,0.2202291550,0.1201741941,0.6595966508
-7.5000000000,39.5000000000,0.2153537618,0.1159422650,0.6687039732
-7.5000000000,40.5000000000,0.1973875335,0.1113175997,0.6912948668
-7.5000000000,41.5000000000,0.1744997922,0.1171513507,0.7083488571
-7.5000000000,42.5000000000,0.1588643408,0.1216714131,0.7194642461
-7.5000000000,43.5000000000,0.1374584901,0.1414064687,0.7211350412
-7.5000000000,51.5000000000,0.0528701135,0.2285857018,0.7185441847
-7.5000000000,52.5000000000,0.0690449954,0.2072660128,0.7236889918
-7.5000000000,53.5000000000,0.0753089010,0.2010756214,0.7236154776
-7.5000000000,54.5000000000,0.0866229479,0.1865742715,0.7268027805
-7.5000000000,55.5000000000,0.0750732274,0.1680585045,0.7568682681
-7.5000000000,57.5000000000,0.0546796671,0.1066120628,0.8387082701
-7.5000000000,58.5000000000,0.0564236361,0.0912408426,0.8523355213
-7.5000000000,62.5000000000,0.0706863931,0.0911361742,0.8381774328
-6.5000000000,35.5000000000,0.2535008222,0.1144294064,0.6320697714
-6.5000000000,36.5000000000,0.2473333248,0.1171590070,0.6355076682
-6.5000000000,37.5000000000,0.2443151605,0.1148181611,0.6408666784
-6.5000000000,38.5000000000,0.2504010930,0.1090877630,0.6405111439
-6.5000000000,39.5000000000,0.2448817517,0.1080582633,0.6470599850
-6.5000000000,40.5000000000,0.2208979061,0.1047568454,0.6743452485
-6.5000000000,41.5000000000,0.1838052059,0.1117036468,0.7044911473
-6.5000000000,42.5000000000,0.1803303697,0.1076889760,0.7119806543
-6.5000000000,43.5000000000,0.1407183525,0.1423343819,0.7169472656
-6.5000000000,52.5000000000,0.0654069106,0.1896066502,0.7449864392
-6.5000000000,53.5000000000,0.0722532619,0.1900221272,0.7377246109
-6.5000000000,54.5000000000,0.0861407836,0.1856736278,0.7281855886
-6.5000000000,55.5000000000,0.0781149443,0.1637376255,0.7581474302
-6.5000000000,56.5000000000,0.0595768819,0.1317192604,0.8087038577
-6.5000000000,57.5000000000,0.0568879216,0.0996690598,0.8434430186
-6.5000000000,58.5000000000,0.0538083745,0.0908350605,0.8553565651
-6.5000000000,61.5000000000,0.0655496290,0.0875263766,0.8469239945
-6.5000000000,62.5000000000,0.0710072588,0.0904200206,0.8385727205
-5.5000000000,35.5000000000,0.2620565153,0.1033306449,0.6346128398
-5.5000000000,36.5000000000,0.2685489013,0.1035949097,0.6278561890
-5.5000000000,37.5000000000,0.2598337854,0.1077875686,0.6323786461
-5.5000000000,38.5000000000,0.2413445567,0.1089882535,0.6496671899
-5.5000000000,39.5000000000,0.2454804417,0.1069000481,0.6476195101
-5.5000000000,40.5000000000,0.2423590130,0.0949064103,0.6627345767
-5.5000000000,41.5000000000,0.1844012188,0.1118600591,0.7037387220
-5.5000000000,42.5000000000,0.1800410830,0.1152816869,0.7046772301
-5.5000000000,43.5000000000,0.1521947305,0.1449548378,0.7028504317
-5.5000000000,50.5000000000,0.0621474713,0.1592696700,0.7785828587
-5.5000000000,51.5000000000,0.0620674452,0.1617653031,0.7761672517
-5.5000000000,54.5000000000,0.0743086471,0.1666479472,0.7590434057
-5.5000000000,55.5000000000,0.0729556491,0.1476741161,0.7793702348
-5.5000000000,56.5000000000,0.0628604402,0.1199733760,0.8171661838
-5.5000000000,57.5000000000,0.0641351263,0.0976390377,0.8382258359
-5.5000000000,58.5000000000,0.0517836994,0.0964495379,0.8517667627
-4.5000000000,35.5000000000,0.2678639050,0.0963074786,0.6358286164
-4.5000000000,36.5000000000,0.2666897998,0.0981893777,0.6351208225
-4.5000000000,37.5000000000,0.2807836365,0.0941260533,0.6250903102
-4.5000000000,38.5000000000,0.2612464560,0.0986464049,0.6401071390
-4.5000000000,39.5000000000,0.2414001417,0.1026874378,0.6559124204
-4.5000000000,40.5000000000,0.2627973232,0.0870447898,0.6501578870
-4.5000000000,41.5000000000,0.2024063736,0.1021422095,0.6954514169
-4.5000000000,42.5000000000,0.1917396927,0.1127567362,0.6955035711
-4.5000000000,43.5000000000,0.1728335534,0.1448536016,0.6823128450
-4.5000000000,47.5000000000,0.0660151340,0.1611947753,0.7727900908
-4.5000000000,48.5000000000,0.0677602461,0.1450167304,0.7872230234
-4.5000000000,50.5000000000,0.0588921702,0.1419278650,0.7991799648
-4.5000000000,51.5000000000,0.0567267900,0.1424847312,0.8007884788
-4.5000000000,52.5000000000,0.0607706860,0.1438275087,0.7954018053
-4.5000000000,53.5000000000,0.0590062144,0.1498309053,0.7911628803
-4.5000000000,54.5000000000,0.0647544255,0.1457231035,0.7895224710
-4.5000000000,55.5000000000,0.0680764738,0.1329064752,0.7990170511
-4.5000000000,56.5000000000,0.0736560427,0.1093883774,0.8169555799
-4.5000000000,57.5000000000,0.0659444123,0.0989537178,0.8351018698
-4.5000000000,58.5000000000,0.0591134874,0.0939162976,0.8469702150
-3.5000000000,35.5000000000,0.3109507200,0.0767756642,0.6122736158
-3.5000000000,36.5000000000,0.2789474686,0.0841838696,0.6368686617
-3.5000000000,37.5000000000,0.3198833485,0.0714179114,0.6086987401
-3.5000000000,38.5000000000,0.2776627079,0.0854348100,0.6369024821
-3.5000000000,39.5000000000,0.2631920128,0.0867868234,0.6500211639
-3.5000000000,40.5000000000,0.2589467671,0.0837833502,0.6572698827
-3.5000000000,41.5000000000,0.2235322127,0.0871600767,0.6893077106
-3.5000000000,42.5000000000,0.1937052802,0.1068262000,0.6994685198
-3.5000000000,43.5000000000,0.1595937897,0.1438629409,0.6965432694
-3.5000000000,47.5000000000,0.0759324157,0.1552428076,0.7688247768
-3.5000000000,48.5000000000,0.0631207395,0.1465537832,0.7903254773
-3.5000000000,50.5000000000,0.0583289272,0.1357123049,0.8059587678
-3.5000000000,51.5000000000,0.0580338787,0.1267143944,0.8152517269
-3.5000000000,52.5000000000,0.0676111477,0.1209104053,0.8114784470
-3.5000000000,53.5000000000,0.0595570347,0.1305172916,0.8099256738
-3.5000000000,54.5000000000,0.0609378101,0.1294065807,0.8096556092
-3.5000000000,55.5000000000,0.0661552826,0.1217634670,0.8120812503
-3.5000000000,56.5000000000,0.0654530827,0.1151042683,0.8194426490
-3.5000000000,57.5000000000,0.0665398785,0.1032389494,0.8302211720
-3.5000000000,58.5000000000,0.0614911437,0.0953362432,0.8431726131
-3.5000000000,59.5000000000,0.0596228466,0.0897001886,0.8506769648
-2.5000000000,35.5000000000,0.3310170718,0.0604505430,0.6085323852
-2.5000000000,36.5000000000,0.3220034340,0.0635355857,0.6144609803
-2.5000000000,37.5000000000,0.3236059742,0.0593011389,0.6170928868
-2.5000000000,38.5000000000,0.3092605771,0.0651542649,0.6255851579
-2.5000000000,39.5000000000,0.2855083963,0.0726203916,0.6418712120
-2.5000000000,40.5000000000,0.2593515543,0.0769691054,0.6636793403
-2.5000000000,41.5000000000,0.2475484620,0.0833755264,0.6690760116
-2.5000000000,42.5000000000,0.2046553106,0.1120913379,0.6832533515
-2.5000000000,43.5000000000,0.1521385984,0.1497583195,0.6981030821
-2.5000000000,46.5000000000,0.0825003400,0.1747780842,0.7427215758
-2.5000000000,47.5000000000,0.0733955612,0.1654229669,0.7611814719
-2.5000000000,48.5000000000,0.0614012255,0.1609564175,0.7776423570
-2.5000000000,49.5000000000,0.0695588647,0.1511064923,0.7793346431
-2.5000000000,50.5000000000,0.0573466785,0.1528718909,0.7897814306
-2.5000000000,51.5000000000,0.0519594438,0.1423364231,0.8057041331
-2.5000000000,52.5000000000,0.0510622854,0.1326694318,0.8162682828
-2.5000000000,53.5000000000,0.0487084816,0.1259248344,0.8253666840
-2.5000000000,54.5000000000,0.0631988435,0.1120863049,0.8247148516
-2.5000000000,55.5000000000,0.0619679694,0.1154844026,0.8225476280
-2.5000000000,56.5000000000,0.0588718850,0.1195100953,0.8216180197
-2.5000000000,57.5000000000,0.0599983992,0.1132064295,0.8267951712
-2.5000000000,58.5000000000,0.0581908124,0.1018640459,0.8399451417
-1.5000000000,35.5000000000,0.2581768771,0.0576472401,0.6841758828
-1.5000000000,36.5000000000,0.3324039427,0.0499834577,0.6176125996
-1.5000000000,37.5000000000,0.2938330043,0.0562066530,0.6499603427
-1.5000000000,38.5000000000,0.3036101885,0.0553461670,0.6410436445
-1.5000000000,39.5000000000,0.2756690582,0.0617139542,0.6626169876
-1.5000000000,40.5000000000,0.2717799611,0.0593839567,0.6688360822
-1.5000000000,41.5000000000,0.2144749083,0.0790005127,0.7065245791
-1.5000000000,42.5000000000,0.1808817742,0.1066256681,0.7124925577
-1.5000000000,43.5000000000,0.1713284614,0.1342123419,0.6944591967
-1.5000000000,44.5000000000,0.1527091750,0.1519577198,0.6953331052
-1.5000000000,45.5000000000,0.1168805895,0.1681633413,0.7149560692
-1.5000000000,46.5000000000,0.0969656084,0.1733259917,0.7297083999
-1.5000000000,47.5000000000,0.0796147018,0.1738576361,0.7465276621
-1.5000000000,48.5000000000,0.0681852686,0.1720515640,0.7597631674
-1.5000000000,49.5000000000,0.0647029264,0.1759223775,0.7593746961
-1.5000000000,50.5000000000,0.0632864334,0.1762635376,0.7604500290
-1.5000000000,51.5000000000,0.0552492856,0.1564981379,0.7882525765
-1.5000000000,52.5000000000,0.0492090870,0.1417127644,0.8090781487
-1.5000000000,53.5000000000,0.0493440638,0.1257393491,0.8249165872
-1.5000000000,54.5000000000,0.0501002848,0.1176012620,0.8322984532
-1.5000000000,55.5000000000,0.0543266211,0.1173878197,0.8282855592
-1.5000000000,57.5000000000,0.0493234959,0.1188286322,0.8318478719
-1.5000000000,59.5000000000,0.0616459718,0.0915491096,0.8468049186
-1.5000000000,60.5000000000,0.0616427209,0.0857181761,0.8526391030
-0.5000000000,35.5000000000,0.2492066402,0.0451080663,0.7056852936
-0.5000000000,37.5000000000,0.2488073738,0.0494939814,0.7016986449
-0.5000000000,38.5000000000,0.2550064181,0.0488973409,0.6960962409
-0.5000000000,39.5000000000,0.2256748968,0.0564239047,0.7179011985
-0.5000000000,40.5000000000,0.2304059116,0.0520100926,0.7175839958
-0.5000000000,41.5000000000,0.2047219751,0.0655473858,0.7297306390
-0.5000000000,42.5000000000,0.2071032912,0.0774781917,0.7154185171
-0.5000000000,43.5000000000,0.1509385275,0.1300631803,0.7189982922
-0.5000000000,44.5000000000,0.1423356985,0.1534166809,0.7042476206
-0.5000000000,45.5000000000,0.1021092854,0.1819879499,0.7159027648
-0.5000000000,46.5000000000,0.0929598047,0.1861430324,0.7208971629
-0.5000000000,47.5000000000,0.0782610068,0.1924899770,0.7292490162
-0.5000000000,48.5000000000,0.0752263072,0.1846672422,0.7401064506
-0.5000000000,49.5000000000,0.0656753293,0.1916097000,0.7427149707
-0.5000000000,50.5000000000,0.0608434264,0.1871300288,0.7520265448
-0.5000000000,51.5000000000,0.0562132620,0.1671610206,0.7766257174
-0.5000000000,52.5000000000,0.0494229911,0.1503810757,0.8001959332
-0.5000000000,53.5000000000,0.0433564759,0.1372406735,0.8194028507
-0.5000000000,54.5000000000,0.0462322205,0.1237120069,0.8300557725
-0.5000000000,60.5000000000,0.0672507348,0.0930805676,0.8396686976
0.5000000000,35.5000000000,0.2493691962,0.0351525331,0.7154782708
0.5000000000,36.5000000000,0.2325205137,0.0389322489,0.7285472375
0.5000000000,38.5000000000,0.2127230764,0.0426697650,0.7446071585
0.5000000000,40.5000000000,0.1763744959,0.0588410869,0.7647844173
0.5000000000,41.5000000000,0.1705577894,0.0710324727,0.7584097378
0.5000000000,42.5000000000,0.2305085793,0.0707983992,0.6986930215
0.5000000000,43.5000000000,0.1386210478,0.1332310845,0.7281478677
0.5000000000,44.5000000000,0.1205224944,0.1640865876,0.7153909180
0.5000000000,45.5000000000,0.1094365450,0.1822283155,0.7083351395
0.5000000000,46.5000000000,0.0916428224,0.1996198882,0.7087372894
0.5000000000,47.5000000000,0.0796805648,0.2075177990,0.7128016362
0.5000000000,48.5000000000,0.0795955574,0.1964370926,0.7239673501
0.5000000000,49.5000000000,0.0679646149,0.1989471713,0.7330882138
0.5000000000,50.5000000000,0.0583797898,0.1950794852,0.7465407250
0.5000000000,51.5000000000,0.0554713818,0.1747342902,0.7697943280
0.5000000000,52.5000000000,0.0540484132,0.1539478706,0.7920037162
0.5000000000,53.5000000000,0.0453068195,0.1445756455,0.8101175350
1.5000000000,35.5000000000,0.2618653376,0.0271369252,0.7109977372
1.5000000000,36.5000000000,0.2184666083,0.0333900412,0.7481433506
1.5000000000,38.5000000000,0.1888120210,0.0368764152,0.7743115638
1.5000000000,39.5000000000,0.1872049865,0.0438142315,0.7689807820
1.5000000000,41.5000000000,0.1726320026,0.0707059034,0.7566620940
1.5000000000,42.5000000000,0.2429043449,0.0682730181,0.6888226370
1.5000000000,43.5000000000,0.1345257419,0.1317578699,0.7337163882
1.5000000000,44.5000000000,0.1220944577,0.1607004264,0.7172051159
1.5000000000,45.5000000000,0.1339826440,0.1719320177,0.6940853383
1.5000000000,46.5000000000,0.1092329379,0.2020024016,0.6887646605
1.5000000000,47.5000000000,0.0902765988,0.2172081008,0.6925153005
1.5000000000,48.5000000000,0.0755290197,0.2148031439,0.7096678364
1.5000000000,49.5000000000,0.0705742172,0.2067424936,0.7226832891
1.5000000000,50.5000000000,0.0651760037,0.1962978497,0.7385261466
1.5000000000,51.5000000000,0.0554121039,0.1837366488,0.7608512473
1.5000000000,52.5000000000,0.0540328258,0.1636199256,0.7823472485
2.5000000000,35.5000000000,0.2692306332,0.0256079757,0.7051613911
2.5000000000,36.5000000000,0.2129023830,0.0317583798,0.7553392372
2.5000000000,39.5000000000,0.1828776503,0.0441969904,0.7729253593
2.5000000000,41.5000000000,0.1948728343,0.0700865989,0.7350405668
2.5000000000,42.5000000000,0.1916699826,0.0855913376,0.7227386798
2.5000000000,43.5000000000,0.1483537770,0.1217667361,0.7298794869
2.5000000000,44.5000000000,0.1576701442,0.1414125379,0.7009173179
2.5000000000,45.5000000000,0.1733234656,0.1562780492,0.6703984852
2.5000000000,46.5000000000,0.1187117290,0.2128033988,0.6684848722
2.5000000000,47.5000000000,0.1012502228,0.2333323906,0.6654173866
2.5000000000,48.5000000000,0.0787638550,0.2290253575,0.6922107875
2.5000000000,49.5000000000,0.0738093919,0.2168837694,0.7093068387
2.5000000000,50.5000000000,0.0658131021,0.2057921390,0.7283947589
2.5000000000,51.5000000000,0.0606056182,0.1882656398,0.7511287420
3.5000000000,35.5000000000,0.2758966475,0.0265659064,0.6975374461
3.5000000000,36.5000000000,0.2220552976,0.0322034668,0.7457412356
3.5000000000,39.5000000000,0.2042229099,0.0453626766,0.7504144135
3.5000000000,40.5000000000,0.1755890637,0.0624507405,0.7619601959
3.5000000000,41.5000000000,0.1998676943,0.0750541924,0.7250781133
3.5000000000,42.5000000000,0.1685344344,0.1046791915,0.7267863741
3.5000000000,43.5000000000,0.1382067804,0.1372395826,0.7245536370
3.5000000000,44.5000000000,0.1894821698,0.1331979706,0.6773198596
3.5000000000,45.5000000000,0.1760647394,0.1677902234,0.6561450372
3.5000000000,46.5000000000,0.1369810199,0.2191936352,0.6438253449
3.5000000000,47.5000000000,0.1082068614,0.2617419359,0.6300512027
3.5000000000,48.5000000000,0.0941649273,0.2481980061,0.6576370666
3.5000000000,49.5000000000,0.0852413415,0.2285647878,0.6861938706
3.5000000000,50.5000000000,0.0715172933,0.2147713658,0.7137113409
3.5000000000,51.5000000000,0.0678204290,0.1925419192,0.7396376518
4.5000000000,35.5000000000,0.2992344770,0.0290847197,0.6716808033
4.5000000000,36.5000000000,0.2462236646,0.0342710403,0.7195052951
4.5000000000,39.5000000000,0.2005693556,0.0536644712,0.7457661732
4.5000000000,40.5000000000,0.1930374255,0.0680552222,0.7389073523
4.5000000000,43.5000000000,0.1538807746,0.1436927074,0.7024265180
4.5000000000,44.5000000000,0.1666358591,0.1587073722,0.6746567688
4.5000000000,45.5000000000,0.1831493220,0.1760845062,0.6407661718
4.5000000000,46.5000000000,0.1453675216,0.2146789870,0.6399534914
4.5000000000,47.5000000000,0.1204129138,0.2418413339,0.6377457523
4.5000000000,48.5000000000,0.1114698614,0.2461012209,0.6424289177
4.5000000000,49.5000000000,0.0996570907,0.2285651895,0.6717777198
4.5000000000,50.5000000000,0.0790910996,0.2147576617,0.7061512387
4.5000000000,51.5000000000,0.0713236310,0.1955358192,0.7331405497
4.5000000000,52.5000000000,0.0630767476,0.1776015552,0.7593216972
4.5000000000,53.5000000000,0.0621675532,0.1599922640,0.7778401828
4.5000000000,60.5000000000,0.0996688721,0.1664727715,0.7338583564
4.5000000000,61.5000000000,0.1239447247,0.1588234200,0.7172318552
5.5000000000,35.5000000000,0.3128532204,0.0332347705,0.6539120090
5.5000000000,36.5000000000,0.2729780360,0.0394289037,0.6875930603
5.5000000000,43.5000000000,0.1748796162,0.1418906520,0.6832297318
5.5000000000,44.5000000000,0.2146378788,0.1383782037,0.6469839175
5.5000000000,45.5000000000,0.1953615419,0.1831302446,0.6215082135
5.5000000000,46.5000000000,0.1751391589,0.2161467425,0.6087140986
5.5000000000,47.5000000000,0.1433625342,0.2451753664,0.6114620994
5.5000000000,48.5000000000,0.1279319590,0.2492319304,0.6228361106
5.5000000000,49.5000000000,0.1125027937,0.2284490618,0.6590481445
5.5000000000,50.5000000000,0.0937411254,0.2053438011,0.7009150735
5.5000000000,51.5000000000,0.0759845124,0.1914952812,0.7325202064
5.5000000000,52.5000000000,0.0671917108,0.1732382304,0.7595700588
5.5000000000,53.5000000000,0.0607561140,0.1600167159,0.7792271702
5.5000000000,58.5000000000,0.1061375977,0.1646806412,0.7291817610
5.5000000000,59.5000000000,0.1202384089,0.1686181780,0.7111434131
5.5000000000,60.5000000000,0.1400984212,0.1606933380,0.6992082408
5.5000000000,61.5000000000,0.1593902453,0.1560378449,0.6845719098
5.5000000000,62.5000000000,0.1569829823,0.1699489798,0.6730680379
6.5000000000,35.5000000000,0.3306721584,0.0381049699,0.6312228716
6.5000000000,36.5000000000,0.2847194322,0.0492073545,0.6660732133
6.5000000000,37.5000000000,0.2512117185,0.0633992361,0.6853890454
6.5000000000,43.5000000000,0.2093626885,0.1388002267,0.6518370848
6.5000000000,44.5000000000,0.3362710430,0.0907274534,0.5730015036
6.5000000000,45.5000000000,0.3336665328,0.1059165620,0.5604169051
6.5000000000,46.5000000000,0.2381443608,0.1665416631,0.5953139762
6.5000000000,47.5000000000,0.1921996303,0.2096845437,0.5981158260
6.5000000000,48.5000000000,0.1617004230,0.2377187629,0.6005808141
6.5000000000,49.5000000000,0.1295188587,0.2237384526,0.6467426887
6.5000000000,50.5000000000,0.1163431429,0.1888030764,0.6948537807
6.5000000000,51.5000000000,0.0765628231,0.1882028692,0.7352343077
6.5000000000,52.5000000000,0.0737685524,0.1645254459,0.7617060017
6.5000000000,53.5000000000,0.0648482821,0.1532893980,0.7818623199
6.5000000000,58.5000000000,0.1409449389,0.1580038045,0.7010512566
6.5000000000,59.5000000000,0.1760738394,0.1497395371,0.6741866236
6.5000000000,60.5000000000,0.1914589132,0.1481066438,0.6604344430
6.5000000000,61.5000000000,0.2014117795,0.1531143020,0.6454739185
6.5000000000,62.5000000000,0.1888039310,0.1734768063,0.6377192627
7.5000000000,35.5000000000,0.3422277239,0.0476070262,0.6101652499
7.5000000000,36.5000000000,0.2999282318,0.0618601671,0.6382116011
7.5000000000,37.5000000000,0.2482125397,0.0844271238,0.6673603365
7.5000000000,43.5000000000,0.2352651411,0.1607597805,0.6039750784
7.5000000000,44.5000000000,0.2866116137,0.1265962227,0.5867921636
7.5000000000,45.5000000000,0.3257098647,0.1058109623,0.5684791730
7.5000000000,46.5000000000,0.3165725987,0.1151865815,0.5682408198
7.5000000000,47.5000000000,0.2153956799,0.1903245655,0.5942797546
7.5000000000,48.5000000000,0.1902119941,0.2075416119,0.6022463939
7.5000000000,49.5000000000,0.1631828509,0.1986752348,0.6381419142
7.5000000000,50.5000000000,0.1234246733,0.1885928611,0.6879824656
7.5000000000,51.5000000000,0.0969709690,0.1739081450,0.7291208860
7.5000000000,52.5000000000,0.0809880622,0.1590175894,0.7599943485
7.5000000000,53.5000000000,0.0689381653,0.1476719683,0.7833898664
7.5000000000,58.5000000000,0.1651817029,0.1671259682,0.6676923289
7.5000000000,59.5000000000,0.2264714434,0.1517113430,0.6218172136
7.5000000000,60.5000000000,0.2515645614,0.1453300199,0.6031054187
7.5000000000,61.5000000000,0.2523520354,0.1539658914,0.5936820732
7.5000000000,62.5000000000,0.2389122040,0.1697747565,0.5913130395
7.5000000000,63.5000000000,0.1983459240,0.1987517812,0.6029022948
8.5000000000,35.5000000000,0.3456433980,0.0612869744,0.5930696276
8.5000000000,36.5000000000,0.3095983198,0.0777692711,0.6126324091
8.5000000000,37.5000000000,0.2835120048,0.1014842916,0.6150037035
8.5000000000,38.5000000000,0.2918536431,0.1191862833,0.5889600736
8.5000000000,39.5000000000,0.3192221914,0.1334306689,0.5473471397
8.5000000000,40.5000000000,0.3327085488,0.1503759681,0.5169154831
8.5000000000,41.5000000000,0.2971823872,0.1817399024,0.5210777105
8.5000000000,42.5000000000,0.3000787953,0.1804973556,0.5194238491
8.5000000000,43.5000000000,0.2946666505,0.1797608822,0.5255724673
8.5000000000,44.5000000000,0.2671471371,0.1739322512,0.5589206116
8.5000000000,45.5000000000,0.2358367668,0.1715830939,0.5925801392
8.5000000000,46.5000000000,0.3651557554,0.1005248197,0.5343194249
8.5000000000,47.5000000000,0.2325885224,0.1754918203,0.5919196574
8.5000000000,48.5000000000,0.2152681126,0.1818025035,0.6029293839
8.5000000000,49.5000000000,0.1641665476,0.2004517742,0.6353816782
8.5000000000,50.5000000000,0.1432783903,0.1825153170,0.6742062926
8.5000000000,51.5000000000,0.1215105402,0.1636038440,0.7148856158
8.5000000000,52.5000000000,0.0863417705,0.1617289535,0.7519292760
8.5000000000,53.5000000000,0.0739855088,0.1497621796,0.7762523116
8.5000000000,54.5000000000,0.0649124003,0.1512794525,0.7838081472
8.5000000000,55.5000000000,0.0744568599,0.1521967593,0.7733463808
8.5000000000,56.5000000000,0.0838930638,0.1609068488,0.7552000874
8.5000000000,57.5000000000,0.0995302468,0.1835183677,0.7169513855
8.5000000000,58.5000000000,0.1652945168,0.1884950893,0.6462103939
8.5000000000,59.5000000000,0.2429388107,0.1738253666,0.5832358227
8.5000000000,60.5000000000,0.2885065347,0.1624042023,0.5490892630
8.5000000000,61.5000000000,0.3110938633,0.1544398242,0.5344663126
8.5000000000,62.5000000000,0.2950265772,0.1669377378,0.5380356850
8.5000000000,63.5000000000,0.2331608103,0.2006377398,0.5662014499
9.5000000000,35.5000000000,0.3324052368,0.0811723477,0.5864224155
9.5000000000,36.5000000000,0.3180222261,0.0954161921,0.5865615819
9.5000000000,37.5000000000,0.3046685634,0.1207686964,0.5745627402
9.5000000000,39.5000000000,0.3530297764,0.1682777908,0.4786924328
9.5000000000,40.5000000000,0.3702648805,0.1938564301,0.4358786894
9.5000000000,41.5000000000,0.3664005180,0.2166322827,0.4169671992
9.5000000000,42.5000000000,0.3920160461,0.1970136503,0.4109703036
9.5000000000,44.5000000000,0.3286948598,0.1846629833,0.4866421569
9.5000000000,45.5000000000,0.2663594978,0.1836354035,0.5500050987
9.5000000000,46.5000000000,0.4177431156,0.0934065289,0.4888503555
9.5000000000,47.5000000000,0.2781188532,0.1575393027,0.5643418441
9.5000000000,48.5000000000,0.2211567696,0.1842509956,0.5945922348
9.5000000000,49.5000000000,0.1928100670,0.1935215106,0.6136684224
9.5000000000,50.5000000000,0.1746376701,0.1820337922,0.6433285377
9.5000000000,51.5000000000,0.1307967286,0.1773150763,0.6918881952
9.5000000000,52.5000000000,0.1007350471,0.1732896727,0.7259752802
9.5000000000,53.5000000000,0.0860023487,0.1648311054,0.7491665459
9.5000000000,54.5000000000,0.0786381283,0.1655920690,0.7557698027
9.5000000000,55.5000000000,0.0855261625,0.1747330865,0.7397407511
9.5000000000,56.5000000000,0.1018842217,0.1885871037,0.7095286746
9.5000000000,57.5000000000,0.1216009968,0.2109885005,0.6674105027
9.5000000000,58.5000000000,0.1629626004,0.2309744725,0.6060629270
9.5000000000,59.5000000000,0.2371813101,0.2193896706,0.5434290193
9.5000000000,60.5000000000,0.3121111543,0.1946673619,0.4932214838
9.5000000000,61.5000000000,0.3522862193,0.1786108782,0.4691029024
9.5000000000,62.5000000000,0.3482100167,0.1695674303,0.4822225529
9.5000000000,63.5000000000,0.2616813688,0.2031023875,0.5352162437
10.5000000000,35.5000000000,0.3256330306,0.1007301710,0.5736367984
10.5000000000,36.5000000000,0.3142709181,0.1153243073,0.5704047747
10.5000000000,37.5000000000,0.3375095929,0.1338788164,0.5286115907
10.5000000000,42.5000000000,0.3970284636,0.2662624064,0.3367091301
10.5000000000,43.5000000000,0.4050841546,0.2355065316,0.3594093138
10.5000000000,44.5000000000,0.3942965905,0.2022223553,0.4034810542
10.5000000000,45.5000000000,0.3257492902,0.1876596669,0.4865910429
10.5000000000,46.5000000000,0.4878434581,0.0823367442,0.4298197977
10.5000000000,47.5000000000,0.3869988793,0.1201708502,0.4928302705
10.5000000000,48.5000000000,0.2547933673,0.1827333468,0.5624732859
10.5000000000,49.5000000000,0.2471276528,0.1861454638,0.5667268834
10.5000000000,50.5000000000,0.2352464826,0.1814169776,0.5833365398
10.5000000000,51.5000000000,0.1856849615,0.1815085258,0.6328065127
10.5000000000,52.5000000000,0.1327260936,0.1927293058,0.6745446006
10.5000000000,53.5000000000,0.1074483101,0.1910339675,0.7015177224
10.5000000000,54.5000000000,0.0914592487,0.2038331953,0.7047075559
10.5000000000,55.5000000000,0.0948578236,0.2256242425,0.6795179339
10.5000000000,56.5000000000,0.1184698248,0.2434299729,0.6381002023
10.5000000000,57.5000000000,0.1521202050,0.2474213211,0.6004584739
10.5000000000,59.5000000000,0.2310776683,0.2673968602,0.5015254716
10.5000000000,60.5000000000,0.3260304459,0.2226738181,0.4512957360
10.5000000000,61.5000000000,0.3784455735,0.1882550678,0.4332993587
10.5000000000,62.5000000000,0.3588808360,0.1821845638,0.4589346001
10.5000000000,63.5000000000,0.2866455587,0.2060731923,0.5072812490
10.5000000000,64.5000000000,0.2513124956,0.2085253058,0.5401621986
11.5000000000,35.5000000000,0.3058482272,0.1191012129,0.5750505599
11.5000000000,36.5000000000,0.2922702732,0.1357625024,0.5719672245
11.5000000000,42.5000000000,0.4379411201,0.3053207698,0.2567381101
11.5000000000,43.5000000000,0.4477961300,0.2556709517,0.2965329183
11.5000000000,44.5000000000,0.3773869651,0.2548801574,0.3677328775
11.5000000000,45.5000000000,0.3519078392,0.2130719769,0.4350201839
11.5000000000,46.5000000000,0.4883508932,0.1093370348,0.4023120720
11.5000000000,47.5000000000,0.4263627420,0.1241084415,0.4495288165
11.5000000000,48.5000000000,0.2982028520,0.1820564036,0.5197407445
11.5000000000,49.5000000000,0.3059199062,0.1778993306,0.5161807632
11.5000000000,50.5000000000,0.3142474185,0.1755340462,0.5102185353
11.5000000000,51.5000000000,0.2038362190,0.2099700718,0.5861937092
11.5000000000,52.5000000000,0.1563310852,0.2165907550,0.6270781597
11.5000000000,53.5000000000,0.1258732678,0.2150570271,0.6590697051
11.5000000000,54.5000000000,0.1011787777,0.2418102725,0.6570109498
11.5000000000,55.5000000000,0.1052991583,0.2749495280,0.6197513137
11.5000000000,57.5000000000,0.1616480830,0.3118295341,0.5265223829
11.5000000000,58.5000000000,0.2246358091,0.2997095736,0.4756546174
11.5000000000,59.5000000000,0.2845937224,0.2736672707,0.4417390069
11.5000000000,60.5000000000,0.3419980291,0.2371208876,0.4208810833
11.5000000000,61.5000000000,0.3845274799,0.1965290023,0.4189435178
11.5000000000,62.5000000000,0.3751512871,0.1810872582,0.4437614547
11.5000000000,63.5000000000,0.3161957080,0.2017599226,0.4820443694
11.5000000000,64.5000000000,0.2626698571,0.2130695390,0.5242606039
11.5000000000,65.5000000000,0.2207104580,0.2169876014,0.5623019406
12.5000000000,37.5000000000,0.2918954848,0.1767352291,0.5313692861
12.5000000000,38.5000000000,0.3235088481,0.2406799190,0.4358112330
12.5000000000,41.5000000000,0.3955192105,0.4242009797,0.1802798097
12.5000000000,42.5000000000,0.4143632034,0.3555822913,0.2300545053
12.5000000000,43.5000000000,0.4128004799,0.3052307671,0.2819687530
12.5000000000,44.5000000000,0.3538291169,0.2989060118,0.3472648713
12.5000000000,45.5000000000,0.3566900000,0.2448519977,0.3984580023
12.5000000000,46.5000000000,0.5128934854,0.1215141828,0.3655923318
12.5000000000,47.5000000000,0.4844242309,0.1199165153,0.3956592538
12.5000000000,48.5000000000,0.3301134385,0.1831988958,0.4866876657
12.5000000000,49.5000000000,0.3650996895,0.1579446151,0.4769556953
12.5000000000,50.5000000000,0.3434559803,0.1657442631,0.4907997566
12.5000000000,51.5000000000,0.2285045884,0.2118112332,0.5596841784
12.5000000000,52.5000000000,0.2010326077,0.2101000463,0.5888673460
12.5000000000,53.5000000000,0.1505234341,0.2201584280,0.6293181379
12.5000000000,54.5000000000,0.1261147387,0.2431739127,0.6307113486
12.5000000000,55.5000000000,0.1209488432,0.2943978676,0.5846532892
12.5000000000,56.5000000000,0.1538357928,0.3280353272,0.5181288800
12.5000000000,57.5000000000,0.2125056854,0.3230537217,0.4644405930
12.5000000000,58.5000000000,0.2633091776,0.3123584168,0.4243324056
12.5000000000,59.5000000000,0.3284018854,0.2739185382,0.3976795764
12.5000000000,60.5000000000,0.3821891455,0.2270212221,0.3907896325
12.5000000000,61.5000000000,0.4034475056,0.1922377067,0.4043147876
12.5000000000,62.5000000000,0.3924164254,0.1778864557,0.4296971189
12.5000000000,63.5000000000,0.3591335367,0.1877672927,0.4530991705
12.5000000000,64.5000000000,0.2980157004,0.2028245912,0.4991597084
12.5000000000,65.5000000000,0.2441133623,0.2099954731,0.5458911646
12.5000000000,66.5000000000,0.1951862034,0.2197222305,0.5850915661
12.5000000000,67.5000000000,0.1739785762,0.2177780611,0.6082433626
13.5000000000,37.5000000000,0.3139412959,0.1856389959,0.5004197081
13.5000000000,38.5000000000,0.3030859992,0.2668224043,0.4300915965
13.5000000000,41.5000000000,0.3968874676,0.3896659089,0.2134466236
13.5000000000,42.5000000000,0.4388315281,0.3264192419,0.2347492300
13.5000000000,43.5000000000,0.3617775057,0.3509507890,0.2872717052
13.5000000000,44.5000000000,0.3512268101,0.3085803180,0.3401928719
13.5000000000,45.5000000000,0.3741955729,0.2453583646,0.3804460625
13.5000000000,46.5000000000,0.4834605578,0.1462783645,0.3702610777
13.5000000000,47.5000000000,0.5259756266,0.1140231711,0.3600012023
13.5000000000,48.5000000000,0.4016070404,0.1627457984,0.4356471612
13.5000000000,49.5000000000,0.4045387573,0.1481232745,0.4473379682
13.5000000000,50.5000000000,0.3664318428,0.1580453192,0.4755228381
13.5000000000,51.5000000000,0.2601816867,0.1975884245,0.5422298888
13.5000000000,52.5000000000,0.2215523876,0.2020079784,0.5764396341
13.5000000000,53.5000000000,0.1661684866,0.2115427000,0.6222888134
13.5000000000,54.5000000000,0.1505995827,0.2300330268,0.6193673905
13.5000000000,55.5000000000,0.1514195904,0.2839302215,0.5646501881
13.5000000000,56.5000000000,0.1988851392,0.3067695358,0.4943453250
13.5000000000,57.5000000000,0.2851320645,0.2885397680,0.4263281674
13.5000000000,58.5000000000,0.3234660527,0.2911844862,0.3853494610
13.5000000000,59.5000000000,0.3685445736,0.2669535996,0.3645018267
13.5000000000,60.5000000000,0.4239965458,0.2170739070,0.3589295472
13.5000000000,61.5000000000,0.4260241922,0.1918809315,0.3820948763
13.5000000000,62.5000000000,0.4136916719,0.1864277301,0.3998805980
13.5000000000,63.5000000000,0.3811832090,0.1940456288,0.4247711622
13.5000000000,64.5000000000,0.3329526783,0.1967603946,0.4702869271
13.5000000000,65.5000000000,0.2728700644,0.1988372911,0.5282926445
13.5000000000,66.5000000000,0.2105649691,0.2128035055,0.5766315254
13.5000000000,67.5000000000,0.1693880971,0.2280765683,0.6025353346
13.5000000000,68.5000000000,0.1527078235,0.2319644709,0.6153277055
14.5000000000,35.5000000000,0.2713827943,0.1762544087,0.5523627970
14.5000000000,36.5000000000,0.2624310867,0.1958714769,0.5416974365
14.5000000000,37.5000000000,0.3258842271,0.1923055467,0.4818102262
14.5000000000,38.5000000000,0.3145643223,0.2630932508,0.4223424270
14.5000000000,40.5000000000,0.3197912205,0.3795981945,0.3006105851
14.5000000000,41.5000000000,0.3774848732,0.3563839154,0.2661312114
14.5000000000,42.5000000000,0.3151926924,0.4004016121,0.2844056955
14.5000000000,44.5000000000,0.3251604536,0.3108659710,0.3639735754
14.5000000000,45.5000000000,0.3768278034,0.2266565320,0.3965156645
14.5000000000,46.5000000000,0.4314998976,0.1668538037,0.4016462987
14.5000000000,47.5000000000,0.4988843149,0.1189375156,0.3821781696
14.5000000000,48.5000000000,0.3869310650,0.1570288293,0.4560401057
14.5000000000,49.5000000000,0.3571790291,0.1596716029,0.4831493680
14.5000000000,50.5000000000,0.3306250286,0.1762380935,0.4931368779
14.5000000000,51.5000000000,0.2771061989,0.1857259350,0.5371678661
14.5000000000,52.5000000000,0.2215229257,0.1874247905,0.5910522838
14.5000000000,53.5000000000,0.1750134423,0.1859043303,0.6390822274
14.5000000000,54.5000000000,0.1394155563,0.2216984398,0.6388860039
14.5000000000,55.5000000000,0.1776211238,0.2489000259,0.5734788503
14.5000000000,56.5000000000,0.2346196463,0.2709939212,0.4943864324
14.5000000000,57.5000000000,0.3286472429,0.2537934726,0.4175592845
14.5000000000,58.5000000000,0.3665543978,0.2621618125,0.3712837897
14.5000000000,59.5000000000,0.4252876750,0.2395948655,0.3351174596
14.5000000000,60.5000000000,0.4637839887,0.2120502035,0.3241658078
14.5000000000,61.5000000000,0.4638061517,0.1955025732,0.3406912751
14.5000000000,62.5000000000,0.4344328912,0.2016902947,0.3638768141
14.5000000000,63.5000000000,0.3956164029,0.2120590149,0.3923245822
14.5000000000,64.5000000000,0.3567400087,0.2028620060,0.4403979853
14.5000000000,65.5000000000,0.2993541612,0.1996806032,0.5009652356
14.5000000000,66.5000000000,0.2334565969,0.2041699384,0.5623734647
14.5000000000,67.5000000000,0.1727867678,0.2391079893,0.5881052429
14.5000000000,68.5000000000,0.1521652391,0.2461936764,0.6016410846
15.5000000000,36.5000000000,0.2787567473,0.2036186894,0.5176245633
15.5000000000,37.5000000000,0.2933616634,0.2227359118,0.4839024248
15.5000000000,38.5000000000,0.3117300104,0.2552069301,0.4330630596
15.5000000000,39.5000000000,0.2540983819,0.3406647849,0.4052368331
15.5000000000,40.5000000000,0.3244915598,0.3188901429,0.3566182973
15.5000000000,41.5000000000,0.2805974781,0.3827262750,0.3366762469
15.5000000000,43.5000000000,0.2634183252,0.3650025142,0.3715791606
15.5000000000,44.5000000000,0.3403193384,0.2629169292,0.3967637324
15.5000000000,45.5000000000,0.3374486866,0.2329568240,0.4295944894
15.5000000000,46.5000000000,0.3563738500,0.1888002779,0.4548258720
15.5000000000,47.5000000000,0.4188020082,0.1364658469,0.4447321449
15.5000000000,48.5000000000,0.3433880203,0.1608397283,0.4957722514
15.5000000000,49.5000000000,0.3858455089,0.1496013550,0.4645531360
15.5000000000,50.5000000000,0.3653325619,0.1570624334,0.4776050046
15.5000000000,51.5000000000,0.2846764787,0.1698089521,0.5455145692
15.5000000000,52.5000000000,0.2339502280,0.1643641355,0.6016856365
15.5000000000,53.5000000000,0.1884430675,0.1682863084,0.6432706241
15.5000000000,54.5000000000,0.1611565050,0.1900413300,0.6488021650
15.5000000000,55.5000000000,0.1992243417,0.2021925199,0.5985831384
15.5000000000,56.5000000000,0.2488954168,0.2195390540,0.5315655292
15.5000000000,57.5000000000,0.3350758332,0.2253343569,0.4395898099
15.5000000000,58.5000000000,0.3668363298,0.2460830442,0.3870806261
15.5000000000,59.5000000000,0.4170543511,0.2401691540,0.3427764949
15.5000000000,60.5000000000,0.4677152160,0.2163078159,0.3159769682
15.5000000000,61.5000000000,0.4725619194,0.2050189177,0.3224191630
15.5000000000,62.5000000000,0.4510968245,0.2080906554,0.3408125201
15.5000000000,63.5000000000,0.4087074867,0.2193593876,0.3719331257
15.5000000000,64.5000000000,0.3587435826,0.2230482949,0.4182081225
15.5000000000,65.5000000000,0.3135354307,0.2176493237,0.4688152455
15.5000000000,66.5000000000,0.2635749519,0.2145533150,0.5218717331
15.5000000000,67.5000000000,0.1973587955,0.2499248169,0.5527163876
15.5000000000,68.5000000000,0.1633786503,0.2692612417,0.5673601080
15.5000000000,69.5000000000,0.1464251620,0.2834511247,0.5701237133
16.5000000000,37.5000000000,0.2561296356,0.2435017356,0.5003686287
16.5000000000,38.5000000000,0.2918809480,0.2532112247,0.4549078273
16.5000000000,39.5000000000,0.3109601292,0.2664119319,0.4226279389
16.5000000000,40.5000000000,0.2770634492,0.3196552927,0.4032812581
16.5000000000,41.5000000000,0.2308697503,0.3762308797,0.3928993700
16.5000000000,42.5000000000,0.2323667199,0.3702112190,0.3974220611
16.5000000000,43.5000000000,0.2737766593,0.3086747895,0.4175485512
16.5000000000,44.5000000000,0.3275379637,0.2343962161,0.4380658202
16.5000000000,45.5000000000,0.3144575906,0.2213809642,0.4641614453
16.5000000000,46.5000000000,0.2947229766,0.1982188333,0.5070581901
16.5000000000,47.5000000000,0.2879519137,0.1723109560,0.5397371304
16.5000000000,48.5000000000,0.2660194806,0.1677201576,0.5662603618
16.5000000000,49.5000000000,0.3441973187,0.1463631404,0.5094395409
16.5000000000,50.5000000000,0.3575495663,0.1458216998,0.4966287338
16.5000000000,51.5000000000,0.2591476446,0.1602833832,0.5805689722
16.5000000000,52.5000000000,0.2175557134,0.1484059313,0.6340383552
16.5000000000,53.5000000000,0.2049851585,0.1439469632,0.6510678783
16.5000000000,54.5000000000,0.1902079125,0.1560342103,0.6537578772
16.5000000000,56.5000000000,0.2215428177,0.1961903183,0.5822668639
16.5000000000,57.5000000000,0.3047537961,0.2186323274,0.4766138765
16.5000000000,58.5000000000,0.3517632576,0.2347395938,0.4134971486
16.5000000000,59.5000000000,0.4003575624,0.2336143874,0.3660280502
16.5000000000,60.5000000000,0.4528146924,0.2153055118,0.3318797958
16.5000000000,61.5000000000,0.4623662522,0.2098002011,0.3278335467
16.5000000000,62.5000000000,0.4557965611,0.2085033536,0.3357000853
16.5000000000,63.5000000000,0.4109708594,0.2260349180,0.3629942226
16.5000000000,64.5000000000,0.3700660157,0.2348409518,0.3950930326
16.5000000000,65.5000000000,0.3220104584,0.2416149293,0.4363746123
16.5000000000,66.5000000000,0.2850348660,0.2403033423,0.4746617917
16.5000000000,67.5000000000,0.2402366036,0.2531265498,0.5066368467
16.5000000000,68.5000000000,0.1786858246,0.2978258873,0.5234882881
16.5000000000,69.5000000000,0.1567589242,0.3204789652,0.5227621106
17.5000000000,38.5000000000,0.2593756994,0.2616458914,0.4789784091
17.5000000000,39.5000000000,0.2671777816,0.2828922070,0.4499300115
17.5000000000,40.5000000000,0.2395384327,0.3182804657,0.4421811016
17.5000000000,41.5000000000,0.2162201939,0.3471429426,0.4366368635
17.5000000000,42.5000000000,0.2262706062,0.3316331611,0.4420962327
17.5000000000,43.5000000000,0.3107215927,0.2434160704,0.4458623370
17.5000000000,44.5000000000,0.3082329854,0.2190129239,0.4727540907
17.5000000000,45.5000000000,0.2629499445,0.2204925884,0.5165574670
17.5000000000,46.5000000000,0.2563274500,0.1949183337,0.5487542164
17.5000000000,47.5000000000,0.2305362476,0.1810599023,0.5884038501
17.5000000000,48.5000000000,0.2403947422,0.1611557970,0.5984494608
17.5000000000,49.5000000000,0.2913902179,0.1475057926,0.5611039895
17.5000000000,50.5000000000,0.2872372313,0.1478330443,0.5649297244
17.5000000000,51.5000000000,0.2329122204,0.1435431604,0.6235446192
17.5000000000,52.5000000000,0.1936004426,0.1315576998,0.6748418576
17.5000000000,53.5000000000,0.1957188636,0.1346823674,0.6695987690
17.5000000000,54.5000000000,0.1941589896,0.1416317093,0.6642093011
17.5000000000,57.5000000000,0.2717637282,0.2143647966,0.5138714752
17.5000000000,58.5000000000,0.3313764974,0.2256608156,0.4429626870
17.5000000000,59.5000000000,0.3749155283,0.2283399819,0.3967444898
17.5000000000,60.5000000000,0.4157176091,0.2219771182,0.3623052726
17.5000000000,61.5000000000,0.4273035860,0.2223160289,0.3503803851
17.5000000000,62.5000000000,0.4354411988,0.2200932004,0.3444656009
17.5000000000,63.5000000000,0.4122135252,0.2313598740,0.3564266008
17.5000000000,64.5000000000,0.3840298277,0.2419486210,0.3740215513
