Lon,Lat,C_KK10LonLatElev,B_KK10LonLatElev,U_KK10LonLatElev
-10.5000000000,51.5000000000,0.1152974824,0.3307207276,0.5539817900
-10.5000000000,52.5000000000,0.1099503709,0.3266938260,0.5633558031
-10.5000000000,53.5000000000,0.1072385484,0.3554839252,0.5372775264
-10.5000000000,54.5000000000,0.1046746659,0.3663098958,0.5290154383
-9.5000000000,38.5000000000,0.2138601170,0.3067340344,0.4794058486
-9.5000000000,39.5000000000,0.2063390074,0.3180412457,0.4756197470
-9.5000000000,42.5000000000,0.1850371435,0.3417493351,0.4732135214
-9.5000000000,43.5000000000,0.1771872372,0.3454894476,0.4773233152
-9.5000000000,51.5000000000,0.1180989055,0.3469832370,0.5349178575
-9.5000000000,52.5000000000,0.1138816852,0.3631639261,0.5229543887
-9.5000000000,53.5000000000,0.1093685960,0.3789500201,0.5116813839
-9.5000000000,54.5000000000,0.1045041920,0.3772291061,0.5182667019
-8.5000000000,37.5000000000,0.2268043964,0.2821554237,0.4910401799
-8.5000000000,38.5000000000,0.2193960217,0.2957596972,0.4848442810
-8.5000000000,39.5000000000,0.2140964468,0.3015576379,0.4843459154
-8.5000000000,40.5000000000,0.2062809647,0.3101925206,0.4835265147
-8.5000000000,41.5000000000,0.2013245250,0.3134345403,0.4852409347
-8.5000000000,42.5000000000,0.1971099029,0.3122288706,0.4906612265
-8.5000000000,43.5000000000,0.1823056268,0.3328214384,0.4848729349
-8.5000000000,51.5000000000,0.1156966045,0.3607729820,0.5235304135
-8.5000000000,52.5000000000,0.1135770132,0.3757346036,0.5106883832
-8.5000000000,53.5000000000,0.1070132995,0.3869279861,0.5060587144
-8.5000000000,54.5000000000,0.1031848451,0.3818821543,0.5149330005
-8.5000000000,55.5000000000,0.1001051526,0.3819665600,0.5179282874
-7.5000000000,37.5000000000,0.2341756658,0.2691500873,0.4966742469
-7.5000000000,38.5000000000,0.2305411489,0.2744614244,0.4949974267
-7.5000000000,39.5000000000,0.2247457046,0.2824258209,0.4928284746
-7.5000000000,40.5000000000,0.2268341581,0.2705048445,0.5026609974
-7.5000000000,41.5000000000,0.2190954728,0.2782380120,0.5026665152
-7.5000000000,42.5000000000,0.2135638440,0.2771333885,0.5093027675
-7.5000000000,43.5000000000,0.1907586509,0.3122436141,0.4969977349
-7.5000000000,51.5000000000,0.1104318607,0.3568091493,0.5327589901
-7.5000000000,52.5000000000,0.1078027071,0.3570542560,0.5351430369
-7.5000000000,53.5000000000,0.1023446721,0.3802542581,0.5174010698
-7.5000000000,54.5000000000,0.0995832850,0.3805972616,0.5198194534
-7.5000000000,55.5000000000,0.0972377851,0.3879815919,0.5147806231
-7.5000000000,57.5000000000,0.1022709628,0.3650982667,0.5326307705
-7.5000000000,58.5000000000,0.1067661379,0.3569292701,0.5363045920
-7.5000000000,62.5000000000,0.1282676239,0.3891815565,0.4825508196
-6.5000000000,35.5000000000,0.2434563219,0.2506372324,0.5059064457
-6.5000000000,36.5000000000,0.2405168962,0.2574658845,0.5020172192
-6.5000000000,37.5000000000,0.2428739510,0.2518829326,0.5052431164
-6.5000000000,38.5000000000,0.2438582005,0.2483463925,0.5077954069
-6.5000000000,39.5000000000,0.2342846702,0.2682526398,0.4974626900
-6.5000000000,40.5000000000,0.2382817874,0.2580037040,0.5037145086
-6.5000000000,41.5000000000,0.2309710202,0.2628482274,0.5061807525
-6.5000000000,42.5000000000,0.2322918944,0.2394764993,0.5282316063
-6.5000000000,43.5000000000,0.1956881827,0.3000193468,0.5042924705
-6.5000000000,52.5000000000,0.1023001631,0.3723033472,0.5253964897
-6.5000000000,53.5000000000,0.0977142593,0.3895426924,0.5127430483
-6.5000000000,54.5000000000,0.0949539350,0.3917818312,0.5132642338
-6.5000000000,55.5000000000,0.0948135456,0.3984846953,0.5067017591
-6.5000000000,56.5000000000,0.0980530268,0.3861991545,0.5157478188
-6.5000000000,57.5000000000,0.1031103996,0.3626029711,0.5342866293
-6.5000000000,58.5000000000,0.1073015791,0.3519262876,0.5407721334
-6.5000000000,61.5000000000,0.1248422921,0.3745854123,0.5005722957
-6.5000000000,62.5000000000,0.1298400044,0.3843637307,0.4857962649
-5.5000000000,35.5000000000,0.2577005452,0.2149891947,0.5273102601
-5.5000000000,36.5000000000,0.2548622198,0.2224867810,0.5226509991
-5.5000000000,37.5000000000,0.2489738655,0.2359196138,0.5151065207
-5.5000000000,38.5000000000,0.2549526361,0.2261770226,0.5188703413
-5.5000000000,39.5000000000,0.2468486556,0.2419700485,0.5111812959
-5.5000000000,40.5000000000,0.2562347785,0.2181457904,0.5256194311
-5.5000000000,41.5000000000,0.2393219627,0.2466453503,0.5140326869
-5.5000000000,42.5000000000,0.2333502318,0.2417130788,0.5249366895
-5.5000000000,43.5000000000,0.1990577579,0.2937293731,0.5072128691
-5.5000000000,50.5000000000,0.1078348032,0.3398320200,0.5523331769
-5.5000000000,51.5000000000,0.1024056654,0.3549501510,0.5426441836
-5.5000000000,54.5000000000,0.0926270467,0.4149136803,0.4924592730
-5.5000000000,55.5000000000,0.0947050120,0.4053574309,0.4999375570
-5.5000000000,56.5000000000,0.1015800075,0.3821017331,0.5163182594
-5.5000000000,57.5000000000,0.1084706814,0.3597324193,0.5317968993
-5.5000000000,58.5000000000,0.1102801423,0.3640548015,0.5256650562
-4.5000000000,35.5000000000,0.2585287151,0.2081621639,0.5333091210
-4.5000000000,36.5000000000,0.2583835168,0.2106326964,0.5309837868
-4.5000000000,37.5000000000,0.2643101928,0.2009866467,0.5347031604
-4.5000000000,38.5000000000,0.2651802770,0.2003374724,0.5344822506
-4.5000000000,39.5000000000,0.2608905312,0.2073653176,0.5317441512
-4.5000000000,40.5000000000,0.2615675059,0.2036484938,0.5347840003
-4.5000000000,41.5000000000,0.2486918291,0.2245915285,0.5267166424
-4.5000000000,42.5000000000,0.2398187930,0.2304308068,0.5297504002
-4.5000000000,43.5000000000,0.2018807603,0.2898422992,0.5082769406
-4.5000000000,47.5000000000,0.1299160685,0.3219002137,0.5481837178
-4.5000000000,48.5000000000,0.1193169851,0.3210089849,0.5596740300
-4.5000000000,50.5000000000,0.1073591494,0.3331683515,0.5594724991
-4.5000000000,51.5000000000,0.1012741360,0.3489007883,0.5498250757
-4.5000000000,52.5000000000,0.0981802333,0.3793474055,0.5224723612
-4.5000000000,53.5000000000,0.0951644893,0.4084607159,0.4963747949
-4.5000000000,54.5000000000,0.0941024951,0.4186892805,0.4872082243
-4.5000000000,55.5000000000,0.0985523257,0.3963711962,0.5050764780
-4.5000000000,56.5000000000,0.1087296778,0.3655640146,0.5257063076
-4.5000000000,57.5000000000,0.1149263816,0.3631495678,0.5219240506
-4.5000000000,58.5000000000,0.1168897558,0.3675757543,0.5155344899
-3.5000000000,35.5000000000,0.2614675052,0.1959868894,0.5425456054
-3.5000000000,36.5000000000,0.2644257539,0.1912761588,0.5442980874
-3.5000000000,37.5000000000,0.2842281331,0.1543907272,0.5613811396
-3.5000000000,38.5000000000,0.2729501259,0.1766672397,0.5503826344
-3.5000000000,39.5000000000,0.2673760351,0.1852120309,0.5474119341
-3.5000000000,40.5000000000,0.2622154903,0.1922641066,0.5455204032
-3.5000000000,41.5000000000,0.2614348223,0.1928664241,0.5456987535
-3.5000000000,42.5000000000,0.2438012317,0.2248858121,0.5313129561
-3.5000000000,43.5000000000,0.2000672413,0.2971851355,0.5027476232
-3.5000000000,47.5000000000,0.1293588039,0.3175181017,0.5531230944
-3.5000000000,48.5000000000,0.1223757687,0.3140217069,0.5636025245
-3.5000000000,50.5000000000,0.1103448176,0.3425090748,0.5471461076
-3.5000000000,51.5000000000,0.1066250583,0.3530758999,0.5402990418
-3.5000000000,52.5000000000,0.1067292505,0.3721554431,0.5211153064
-3.5000000000,53.5000000000,0.0993264414,0.4211092396,0.4795643190
-3.5000000000,54.5000000000,0.0987151307,0.4353671407,0.4659177286
-3.5000000000,55.5000000000,0.1043360664,0.4098117078,0.4858522257
-3.5000000000,56.5000000000,0.1108165708,0.3890015366,0.5001818926
-3.5000000000,57.5000000000,0.1187924400,0.3832259181,0.4979816419
-3.5000000000,58.5000000000,0.1202491725,0.3852981954,0.4944526321
-3.5000000000,59.5000000000,0.1241044017,0.3781649138,0.4977306845
-2.5000000000,35.5000000000,0.2611803909,0.1854991769,0.5533204322
-2.5000000000,36.5000000000,0.2625725864,0.1829611555,0.5544662581
-2.5000000000,37.5000000000,0.2876810078,0.1360486007,0.5762703915
-2.5000000000,38.5000000000,0.2869235054,0.1413165803,0.5717599143
-2.5000000000,39.5000000000,0.2741056830,0.1606682670,0.5652260500
-2.5000000000,40.5000000000,0.2716922098,0.1642697555,0.5640380348
-2.5000000000,41.5000000000,0.2643984147,0.1788314211,0.5567701642
-2.5000000000,42.5000000000,0.2427946053,0.2257801673,0.5314252273
-2.5000000000,43.5000000000,0.1977168562,0.3027935559,0.4994895879
-2.5000000000,46.5000000000,0.1409119500,0.3174025390,0.5416855110
-2.5000000000,47.5000000000,0.1297643538,0.3117213185,0.5585143277
-2.5000000000,48.5000000000,0.1238421442,0.3209614404,0.5551964154
-2.5000000000,49.5000000000,0.1181431963,0.3470078581,0.5348489456
-2.5000000000,50.5000000000,0.1152665281,0.3699299816,0.5148034903
-2.5000000000,51.5000000000,0.1119346415,0.3868500146,0.5012153439
-2.5000000000,52.5000000000,0.1082872575,0.4152999310,0.4764128115
-2.5000000000,53.5000000000,0.1047942069,0.4452973494,0.4499084437
-2.5000000000,54.5000000000,0.1081767054,0.4517299870,0.4400933077
-2.5000000000,55.5000000000,0.1095947208,0.4493706346,0.4410346445
-2.5000000000,56.5000000000,0.1123801526,0.4429338508,0.4446859965
-2.5000000000,57.5000000000,0.1203391928,0.4157542530,0.4639065543
-2.5000000000,58.5000000000,0.1235186481,0.4033675688,0.4731137831
-1.5000000000,35.5000000000,0.2612051351,0.1695870323,0.5692078326
-1.5000000000,36.5000000000,0.2570589713,0.1760280738,0.5669129549
-1.5000000000,37.5000000000,0.2621629724,0.1642534014,0.5735836262
-1.5000000000,38.5000000000,0.2702611106,0.1469278341,0.5828110552
-1.5000000000,39.5000000000,0.2716753878,0.1441048166,0.5842197956
-1.5000000000,40.5000000000,0.2770868148,0.1404164530,0.5824967322
-1.5000000000,41.5000000000,0.2530862302,0.1940915867,0.5528221831
-1.5000000000,42.5000000000,0.2328699385,0.2440851278,0.5230449337
-1.5000000000,43.5000000000,0.1972022451,0.3036975711,0.4991001837
-1.5000000000,44.5000000000,0.1726043243,0.3270213717,0.5003743040
-1.5000000000,45.5000000000,0.1557012398,0.3238396412,0.5204591190
-1.5000000000,46.5000000000,0.1419931485,0.3133019711,0.5447048804
-1.5000000000,47.5000000000,0.1303949708,0.3061665126,0.5634385166
-1.5000000000,48.5000000000,0.1264051128,0.3214538323,0.5521410549
-1.5000000000,49.5000000000,0.1240177395,0.3530106546,0.5229716060
-1.5000000000,50.5000000000,0.1229043228,0.3887472920,0.4883483852
-1.5000000000,51.5000000000,0.1215295442,0.4059356497,0.4725348061
-1.5000000000,52.5000000000,0.1155931152,0.4471103512,0.4372965336
-1.5000000000,53.5000000000,0.1121563060,0.4787995946,0.4090440993
-1.5000000000,54.5000000000,0.1100528908,0.5031290983,0.3868180109
-1.5000000000,55.5000000000,0.1114186459,0.4960727370,0.3925086171
-1.5000000000,57.5000000000,0.1236392084,0.4429268765,0.4334339151
-1.5000000000,59.5000000000,0.1325812591,0.3910647045,0.4763540364
-1.5000000000,60.5000000000,0.1357798050,0.3744785307,0.4897416642
-0.5000000000,35.5000000000,0.2630591158,0.1521150681,0.5848258161
-0.5000000000,37.5000000000,0.2507958487,0.1693917794,0.5798123719
-0.5000000000,38.5000000000,0.2558361214,0.1540448054,0.5901190732
-0.5000000000,39.5000000000,0.2521254742,0.1617409425,0.5861335833
-0.5000000000,40.5000000000,0.2666428513,0.1465685244,0.5867886243
-0.5000000000,41.5000000000,0.2422601584,0.2132445921,0.5444952496
-0.5000000000,42.5000000000,0.2485603706,0.2129817493,0.5384578802
-0.5000000000,43.5000000000,0.1979405243,0.3095453170,0.4925141587
-0.5000000000,44.5000000000,0.1741956868,0.3303423482,0.4954619650
-0.5000000000,45.5000000000,0.1590281184,0.3289851113,0.5119867703
-0.5000000000,46.5000000000,0.1475818264,0.3150976603,0.5373205133
-0.5000000000,47.5000000000,0.1364478849,0.3141078871,0.5494442280
-0.5000000000,48.5000000000,0.1338895512,0.3161982460,0.5499122029
-0.5000000000,49.5000000000,0.1311407947,0.3493931612,0.5194660441
-0.5000000000,50.5000000000,0.1308431468,0.3816960027,0.4874608504
-0.5000000000,51.5000000000,0.1301672305,0.4108965359,0.4589362335
-0.5000000000,52.5000000000,0.1239671323,0.4670222103,0.4090106575
-0.5000000000,53.5000000000,0.1172181931,0.5088708985,0.3739109085
-0.5000000000,54.5000000000,0.1167441316,0.5165528776,0.3667029909
-0.5000000000,60.5000000000,0.1421007857,0.3860965685,0.4718026458
0.5000000000,35.5000000000,0.2616878173,0.1410239544,0.5972882283
0.5000000000,36.5000000000,0.2497920662,0.1630513419,0.5871565919
0.5000000000,38.5000000000,0.2436726878,0.1742589096,0.5820684026
0.5000000000,40.5000000000,0.2400099618,0.2007379946,0.5592520437
0.5000000000,41.5000000000,0.2346919865,0.2261114423,0.5391965712
0.5000000000,42.5000000000,0.2508472530,0.1998007051,0.5493520419
0.5000000000,43.5000000000,0.1995091153,0.3047722164,0.4957186684
0.5000000000,44.5000000000,0.1785563927,0.3307919332,0.4906516741
0.5000000000,45.5000000000,0.1669368137,0.3265400405,0.5065231457
0.5000000000,46.5000000000,0.1556889936,0.3213222863,0.5229887201
0.5000000000,47.5000000000,0.1467785930,0.3186198799,0.5346015271
0.5000000000,48.5000000000,0.1442795798,0.3152712163,0.5404492038
0.5000000000,49.5000000000,0.1424055325,0.3364978753,0.5210965922
0.5000000000,50.5000000000,0.1410997183,0.3712127072,0.4876875745
0.5000000000,51.5000000000,0.1392626793,0.4151436046,0.4455937161
0.5000000000,52.5000000000,0.1338537713,0.4740627618,0.3920834669
0.5000000000,53.5000000000,0.1281106283,0.5032940922,0.3685952794
1.5000000000,35.5000000000,0.2676414878,0.1221209332,0.6102375790
1.5000000000,36.5000000000,0.2499872356,0.1581071780,0.5919055864
1.5000000000,38.5000000000,0.2398562066,0.1813214918,0.5788223017
1.5000000000,39.5000000000,0.2373998553,0.1984806581,0.5641194866
1.5000000000,41.5000000000,0.2321181878,0.2328766038,0.5350052084
1.5000000000,42.5000000000,0.2491726845,0.1979988938,0.5528284217
1.5000000000,43.5000000000,0.1995022536,0.3081796126,0.4923181338
1.5000000000,44.5000000000,0.1862631821,0.3218631533,0.4918736646
1.5000000000,45.5000000000,0.1808017271,0.3147905572,0.5044077157
1.5000000000,46.5000000000,0.1690507471,0.3204940996,0.5104551533
1.5000000000,47.5000000000,0.1598175784,0.3226442936,0.5175381280
1.5000000000,48.5000000000,0.1559331094,0.3158412063,0.5282256843
1.5000000000,49.5000000000,0.1547008446,0.3248081952,0.5204909602
1.5000000000,50.5000000000,0.1515137611,0.3614235679,0.4870626710
1.5000000000,51.5000000000,0.1488397536,0.4067685694,0.4443916770
1.5000000000,52.5000000000,0.1455146433,0.4511160968,0.4033692599
2.5000000000,35.5000000000,0.2644181620,0.1265641298,0.6090177082
2.5000000000,36.5000000000,0.2508531989,0.1556529916,0.5934938095
2.5000000000,39.5000000000,0.2382255552,0.2082451379,0.5535293069
2.5000000000,41.5000000000,0.2289011051,0.2573440149,0.5137548800
2.5000000000,42.5000000000,0.2357422521,0.2470101896,0.5172475583
2.5000000000,43.5000000000,0.2112298488,0.2987434470,0.4900267042
2.5000000000,44.5000000000,0.2064501155,0.2962267173,0.4973231673
2.5000000000,45.5000000000,0.2050755356,0.2899724866,0.5049519777
2.5000000000,46.5000000000,0.1853912529,0.3223676374,0.4922411097
2.5000000000,47.5000000000,0.1763027898,0.3228623454,0.5008348648
2.5000000000,48.5000000000,0.1698491657,0.3187278702,0.5114229641
2.5000000000,49.5000000000,0.1664771384,0.3213756743,0.5121471874
2.5000000000,50.5000000000,0.1646883972,0.3500354847,0.4852761181
2.5000000000,51.5000000000,0.1604436173,0.3923081793,0.4472482035
3.5000000000,35.5000000000,0.2629377930,0.1323610693,0.6047011376
3.5000000000,36.5000000000,0.2540664257,0.1538294514,0.5921041229
3.5000000000,39.5000000000,0.2388284133,0.2228043088,0.5383672779
3.5000000000,40.5000000000,0.2359181934,0.2509422309,0.5131395757
3.5000000000,41.5000000000,0.2298709502,0.2816971005,0.4884319494
3.5000000000,42.5000000000,0.2215723311,0.3141026166,0.4643250523
3.5000000000,43.5000000000,0.2179356744,0.3288835929,0.4531807327
3.5000000000,44.5000000000,0.2358854494,0.2837117252,0.4804028255
3.5000000000,45.5000000000,0.2216098279,0.3054035815,0.4729865906
3.5000000000,46.5000000000,0.2028762943,0.3335299427,0.4635937630
3.5000000000,47.5000000000,0.1967879769,0.3239413518,0.4792706713
3.5000000000,48.5000000000,0.1885349272,0.3226334316,0.4888316412
3.5000000000,49.5000000000,0.1825997814,0.3271630313,0.4902371873
3.5000000000,50.5000000000,0.1770600022,0.3505831471,0.4723568507
3.5000000000,51.5000000000,0.1719971383,0.3815043829,0.4464984789
4.5000000000,35.5000000000,0.2576202631,0.1434656532,0.5989140837
4.5000000000,36.5000000000,0.2574702086,0.1505858366,0.5919439548
4.5000000000,39.5000000000,0.2427734154,0.2337321117,0.5234944728
4.5000000000,40.5000000000,0.2422448666,0.2606758514,0.4970792820
4.5000000000,43.5000000000,0.2291552386,0.3525263587,0.4183184027
4.5000000000,44.5000000000,0.2359463729,0.3401267918,0.4239268353
4.5000000000,45.5000000000,0.2351941493,0.3342838691,0.4305219816
4.5000000000,46.5000000000,0.2236988853,0.3420590485,0.4342420662
4.5000000000,47.5000000000,0.2205337498,0.3248085008,0.4546577494
4.5000000000,48.5000000000,0.2064982229,0.3340748092,0.4594269679
4.5000000000,49.5000000000,0.1998324585,0.3306421121,0.4695254295
4.5000000000,50.5000000000,0.1921312623,0.3438847362,0.4639840015
4.5000000000,51.5000000000,0.1831708569,0.3746958498,0.4421332933
4.5000000000,52.5000000000,0.1787630458,0.3951809381,0.4260560161
4.5000000000,53.5000000000,0.1760723087,0.4118669808,0.4120607104
4.5000000000,60.5000000000,0.1874799370,0.4037337149,0.4087863481
4.5000000000,61.5000000000,0.1899306599,0.4003747910,0.4096945491
5.5000000000,35.5000000000,0.2612148497,0.1349907499,0.6037944004
5.5000000000,36.5000000000,0.2567680573,0.1524264707,0.5908054721
5.5000000000,43.5000000000,0.2594891987,0.3354193315,0.4050914698
5.5000000000,44.5000000000,0.2806800982,0.3005844794,0.4187354223
5.5000000000,45.5000000000,0.2588245159,0.3392656009,0.4019098832
5.5000000000,46.5000000000,0.2490344087,0.3428101395,0.4081554517
5.5000000000,47.5000000000,0.2361604225,0.3442640985,0.4195754791
5.5000000000,48.5000000000,0.2287625588,0.3278148202,0.4434226210
5.5000000000,49.5000000000,0.2195759979,0.3242155089,0.4562084932
5.5000000000,50.5000000000,0.2092542134,0.3346703107,0.4560754759
5.5000000000,51.5000000000,0.1953206359,0.3668854114,0.4377939528
5.5000000000,52.5000000000,0.1905022679,0.3829638633,0.4265338688
5.5000000000,53.5000000000,0.1865689216,0.3968481492,0.4165829292
5.5000000000,58.5000000000,0.1896193056,0.4077291869,0.4026515075
5.5000000000,59.5000000000,0.1962370154,0.3991749936,0.4045879910
5.5000000000,60.5000000000,0.2083378917,0.3789845501,0.4126775582
5.5000000000,61.5000000000,0.2134151150,0.3687691567,0.4178157283
5.5000000000,62.5000000000,0.1999684630,0.3967948832,0.4032366538
6.5000000000,35.5000000000,0.2643817183,0.1196678022,0.6159504795
6.5000000000,36.5000000000,0.2515094135,0.1539737147,0.5945168718
6.5000000000,37.5000000000,0.2413958881,0.1986183751,0.5599857369
6.5000000000,43.5000000000,0.2901491820,0.3183243617,0.3915264563
6.5000000000,44.5000000000,0.3481345567,0.2251559420,0.4267095013
6.5000000000,45.5000000000,0.3363816403,0.2383897371,0.4252286226
6.5000000000,46.5000000000,0.2895751715,0.3051193347,0.4053054938
6.5000000000,47.5000000000,0.2664983198,0.3252699393,0.4082317410
6.5000000000,48.5000000000,0.2455292184,0.3255575984,0.4289131832
6.5000000000,49.5000000000,0.2336234844,0.3251789433,0.4411975724
6.5000000000,50.5000000000,0.2264835004,0.3202934572,0.4532230423
6.5000000000,51.5000000000,0.2072700675,0.3574014492,0.4353284832
6.5000000000,52.5000000000,0.2004954978,0.3731134953,0.4263910068
6.5000000000,53.5000000000,0.1958112887,0.3853154139,0.4188732974
6.5000000000,58.5000000000,0.2104181097,0.3793005257,0.4102813646
6.5000000000,59.5000000000,0.2316657208,0.3432881323,0.4250461469
6.5000000000,60.5000000000,0.2399594466,0.3338014026,0.4262391508
6.5000000000,61.5000000000,0.2379563617,0.3388900186,0.4231536196
6.5000000000,62.5000000000,0.2157719321,0.3815055891,0.4027224788
7.5000000000,35.5000000000,0.2578356967,0.1193419966,0.6228223068
7.5000000000,36.5000000000,0.2454259848,0.1525475603,0.6020264549
7.5000000000,37.5000000000,0.2385837230,0.1938069334,0.5676093436
7.5000000000,43.5000000000,0.2975918567,0.3405911564,0.3618169869
7.5000000000,44.5000000000,0.3366492894,0.2767456270,0.3866050836
7.5000000000,45.5000000000,0.3549036086,0.2375446652,0.4075517262
7.5000000000,46.5000000000,0.3390822365,0.2425594392,0.4183583243
7.5000000000,47.5000000000,0.2827878764,0.3175028357,0.3997092879
7.5000000000,48.5000000000,0.2603562082,0.3221764098,0.4174673820
7.5000000000,49.5000000000,0.2499981250,0.3129467575,0.4370551176
7.5000000000,50.5000000000,0.2351305188,0.3185481448,0.4463213363
7.5000000000,51.5000000000,0.2221514586,0.3364356091,0.4414129323
7.5000000000,52.5000000000,0.2106602047,0.3616377048,0.4277020905
7.5000000000,53.5000000000,0.2048478286,0.3786069304,0.4165452410
7.5000000000,58.5000000000,0.2227595994,0.3707189016,0.4065214991
7.5000000000,59.5000000000,0.2555410324,0.3221263108,0.4223326567
7.5000000000,60.5000000000,0.2685224627,0.2991342623,0.4323432750
7.5000000000,61.5000000000,0.2606459390,0.3125273654,0.4268266956
7.5000000000,62.5000000000,0.2407270535,0.3455439032,0.4137290433
7.5000000000,63.5000000000,0.2092572463,0.4045665447,0.3861762090
8.5000000000,35.5000000000,0.2456339055,0.1173147211,0.6370513734
8.5000000000,36.5000000000,0.2381171832,0.1464622290,0.6154205878
8.5000000000,37.5000000000,0.2338613951,0.1842508906,0.5818877143
8.5000000000,38.5000000000,0.2426941511,0.2088525724,0.5484532765
8.5000000000,39.5000000000,0.2581018069,0.2330089958,0.5088891973
8.5000000000,40.5000000000,0.2745631187,0.2611337951,0.4643030862
8.5000000000,41.5000000000,0.2830428929,0.3048993677,0.4120577394
8.5000000000,42.5000000000,0.3030741063,0.3222802018,0.3746456919
8.5000000000,43.5000000000,0.3055711072,0.3512467375,0.3431821553
8.5000000000,44.5000000000,0.3196952714,0.3327768267,0.3475279018
8.5000000000,45.5000000000,0.3146457788,0.3256423929,0.3597118283
8.5000000000,46.5000000000,0.3630457915,0.2168610433,0.4200931652
8.5000000000,47.5000000000,0.3035848155,0.2934796216,0.4029355629
8.5000000000,48.5000000000,0.2850733130,0.2886765497,0.4262501373
8.5000000000,49.5000000000,0.2543729362,0.3115908297,0.4340362341
8.5000000000,50.5000000000,0.2464039175,0.3039655502,0.4496305324
8.5000000000,51.5000000000,0.2374571377,0.3129842061,0.4495586562
8.5000000000,52.5000000000,0.2215747257,0.3500155383,0.4284097361
8.5000000000,53.5000000000,0.2136839231,0.3723777369,0.4139383400
8.5000000000,54.5000000000,0.2095429134,0.3802134885,0.4102435981
8.5000000000,55.5000000000,0.2043448670,0.3825946016,0.4130605314
8.5000000000,56.5000000000,0.2006602026,0.3874443309,0.4118954665
8.5000000000,57.5000000000,0.2031402191,0.3995804797,0.3972793012
8.5000000000,58.5000000000,0.2165022481,0.3922605659,0.3912371861
8.5000000000,59.5000000000,0.2458246316,0.3504091934,0.4037661750
8.5000000000,60.5000000000,0.2653323981,0.3182293021,0.4164382997
8.5000000000,61.5000000000,0.2768505096,0.2954238338,0.4277256565
8.5000000000,62.5000000000,0.2573375774,0.3198704868,0.4227919358
8.5000000000,63.5000000000,0.2184696389,0.3945299077,0.3870004535
9.5000000000,35.5000000000,0.2279979292,0.1238697557,0.6481323152
9.5000000000,36.5000000000,0.2277618906,0.1391331632,0.6331049462
9.5000000000,37.5000000000,0.2278237795,0.1702097065,0.6019665140
9.5000000000,39.5000000000,0.2584829648,0.2191584172,0.5223586180
9.5000000000,40.5000000000,0.2797376270,0.2484161006,0.4718462724
9.5000000000,41.5000000000,0.2887240717,0.2998979748,0.4113779535
9.5000000000,42.5000000000,0.3133590878,0.3170147191,0.3696261931
9.5000000000,44.5000000000,0.3466914272,0.3082227506,0.3450858222
9.5000000000,45.5000000000,0.3271987953,0.3153145585,0.3574866462
9.5000000000,46.5000000000,0.3796802356,0.1942547148,0.4260650496
9.5000000000,47.5000000000,0.3208671179,0.2574128859,0.4217199962
9.5000000000,48.5000000000,0.2910642428,0.2689146841,0.4400210731
9.5000000000,49.5000000000,0.2656266608,0.2807181463,0.4536551929
9.5000000000,50.5000000000,0.2556985644,0.2806950635,0.4636063720
9.5000000000,51.5000000000,0.2440896402,0.3024750868,0.4534352731
9.5000000000,52.5000000000,0.2321181228,0.3396458114,0.4282360658
9.5000000000,53.5000000000,0.2249264192,0.3623163248,0.4127572560
9.5000000000,54.5000000000,0.2191378397,0.3722283049,0.4086338554
9.5000000000,55.5000000000,0.2132843698,0.3747646797,0.4119509505
9.5000000000,56.5000000000,0.2081391772,0.3817051545,0.4101556683
9.5000000000,57.5000000000,0.2079816465,0.3978596969,0.3941586566
9.5000000000,58.5000000000,0.2125235288,0.4084275588,0.3790489124
9.5000000000,59.5000000000,0.2310447296,0.3872624606,0.3816928098
9.5000000000,60.5000000000,0.2498724767,0.3551608235,0.3949666998
9.5000000000,61.5000000000,0.2622643704,0.3264213809,0.4113142488
9.5000000000,62.5000000000,0.2578550619,0.3116636204,0.4304813177
9.5000000000,63.5000000000,0.2190839078,0.3891062986,0.3918097937
10.5000000000,35.5000000000,0.2108438809,0.1292837035,0.6598724156
10.5000000000,36.5000000000,0.2123190511,0.1365171817,0.6511637672
10.5000000000,37.5000000000,0.2176176674,0.1568589699,0.6255233628
10.5000000000,42.5000000000,0.2968671051,0.3440515018,0.3590813931
10.5000000000,43.5000000000,0.3285095092,0.3378293820,0.3336611088
10.5000000000,44.5000000000,0.3559665372,0.3006202812,0.3434131816
10.5000000000,45.5000000000,0.3369611391,0.2933138646,0.3697249963
10.5000000000,46.5000000000,0.3878172502,0.1635407017,0.4486420481
10.5000000000,47.5000000000,0.3348778190,0.2071957589,0.4579264221
10.5000000000,48.5000000000,0.2873580738,0.2527662207,0.4598757055
10.5000000000,49.5000000000,0.2675092563,0.2590910162,0.4733997274
10.5000000000,50.5000000000,0.2601400670,0.2599456913,0.4799142417
10.5000000000,51.5000000000,0.2530536203,0.2861377034,0.4608086764
10.5000000000,52.5000000000,0.2433907913,0.3340607651,0.4225484436
10.5000000000,53.5000000000,0.2374220301,0.3573966562,0.4051813137
10.5000000000,54.5000000000,0.2288409437,0.3704945893,0.4006644670
10.5000000000,55.5000000000,0.2213561109,0.3775666848,0.4010772043
10.5000000000,56.5000000000,0.2161745299,0.3868124042,0.3970130659
10.5000000000,57.5000000000,0.2149647269,0.4006521796,0.3843830934
10.5000000000,59.5000000000,0.2237924408,0.4092909284,0.3669166308
10.5000000000,60.5000000000,0.2365031435,0.3853111499,0.3781857067
10.5000000000,61.5000000000,0.2509647139,0.3453737380,0.4036615482
10.5000000000,62.5000000000,0.2417255750,0.3333525216,0.4249219034
10.5000000000,63.5000000000,0.2163982647,0.3865806095,0.3970211258
10.5000000000,64.5000000000,0.2064090382,0.4021065759,0.3914843859
11.5000000000,35.5000000000,0.2020664412,0.1212508834,0.6766826754
11.5000000000,36.5000000000,0.2022440177,0.1273456786,0.6704103037
11.5000000000,42.5000000000,0.2849519788,0.3318501847,0.3831978365
11.5000000000,43.5000000000,0.3202101393,0.3103636098,0.3694262509
11.5000000000,44.5000000000,0.3196353803,0.3167844408,0.3635801790
11.5000000000,45.5000000000,0.3180059732,0.2889935017,0.3930005251
11.5000000000,46.5000000000,0.3526004214,0.1877539776,0.4596456011
11.5000000000,47.5000000000,0.3232284508,0.1949107933,0.4818607559
11.5000000000,48.5000000000,0.2784522881,0.2401515080,0.4813962040
11.5000000000,49.5000000000,0.2672101618,0.2394445920,0.4933452462
11.5000000000,50.5000000000,0.2644622715,0.2499611587,0.4855765699
11.5000000000,51.5000000000,0.2571052894,0.2964708833,0.4464238273
11.5000000000,52.5000000000,0.2559961947,0.3368907666,0.4071130386
11.5000000000,53.5000000000,0.2507192743,0.3554557256,0.3938250002
11.5000000000,54.5000000000,0.2392923094,0.3668219625,0.3938857281
11.5000000000,55.5000000000,0.2317093947,0.3771248624,0.3911657429
11.5000000000,57.5000000000,0.2240910823,0.4047796372,0.3711292805
11.5000000000,58.5000000000,0.2273684976,0.4089153572,0.3637161452
11.5000000000,59.5000000000,0.2320719656,0.4066153204,0.3613127140
11.5000000000,60.5000000000,0.2356292364,0.3987513793,0.3656193842
11.5000000000,61.5000000000,0.2455813527,0.3653276403,0.3890910070
11.5000000000,62.5000000000,0.2459505823,0.3428790607,0.4111703570
11.5000000000,63.5000000000,0.2244876812,0.3822853264,0.3932269924
11.5000000000,64.5000000000,0.2085316202,0.4044778914,0.3869904883
11.5000000000,65.5000000000,0.1984867287,0.4150120382,0.3865012332
12.5000000000,37.5000000000,0.2013676182,0.1282853333,0.6703470485
12.5000000000,38.5000000000,0.2171004808,0.1639997553,0.6188997639
12.5000000000,41.5000000000,0.2529876966,0.3025987791,0.4444135243
12.5000000000,42.5000000000,0.2797209605,0.2943489743,0.4259300652
12.5000000000,43.5000000000,0.2980325358,0.2910415406,0.4109259236
12.5000000000,44.5000000000,0.2863389770,0.3172904678,0.3963705551
12.5000000000,45.5000000000,0.2852535348,0.2993353908,0.4154110743
12.5000000000,46.5000000000,0.3286375719,0.1844194126,0.4869430155
12.5000000000,47.5000000000,0.3091926116,0.1806618521,0.5101455363
12.5000000000,48.5000000000,0.2665519295,0.2270956902,0.5063523803
12.5000000000,49.5000000000,0.2628467215,0.2213946673,0.5157586113
12.5000000000,50.5000000000,0.2676905375,0.2370831011,0.4952263614
12.5000000000,51.5000000000,0.2641595567,0.2947857839,0.4410546594
12.5000000000,52.5000000000,0.2688940907,0.3322724143,0.3988334950
12.5000000000,53.5000000000,0.2645022184,0.3534383681,0.3820594136
12.5000000000,54.5000000000,0.2507253738,0.3655417487,0.3837328775
12.5000000000,55.5000000000,0.2442959529,0.3768927849,0.3788112622
12.5000000000,56.5000000000,0.2382264269,0.3898526600,0.3719209132
12.5000000000,57.5000000000,0.2414984221,0.3955199893,0.3629815885
12.5000000000,58.5000000000,0.2408215385,0.4070588957,0.3521195658
12.5000000000,59.5000000000,0.2419955120,0.4071714347,0.3508330533
12.5000000000,60.5000000000,0.2455091443,0.3956399189,0.3588509367
12.5000000000,61.5000000000,0.2524953992,0.3682413106,0.3792632902
12.5000000000,62.5000000000,0.2544053494,0.3475314938,0.3980631568
12.5000000000,63.5000000000,0.2390538637,0.3678064321,0.3931397043
12.5000000000,64.5000000000,0.2198688115,0.3880388804,0.3920923081
12.5000000000,65.5000000000,0.2074108627,0.3980098663,0.3945792710
12.5000000000,66.5000000000,0.1933748310,0.4140000900,0.3926250790
12.5000000000,67.5000000000,0.1891838658,0.4135080929,0.3973080413
13.5000000000,37.5000000000,0.2156475473,0.1266327167,0.6577197360
13.5000000000,38.5000000000,0.2213504364,0.1679598769,0.6106896867
13.5000000000,41.5000000000,0.2643797437,0.2501109088,0.4855093475
13.5000000000,42.5000000000,0.2873631290,0.2391392586,0.4734976124
13.5000000000,43.5000000000,0.2685594135,0.2981869086,0.4332536778
13.5000000000,44.5000000000,0.2691282148,0.2991996031,0.4316721822
13.5000000000,45.5000000000,0.2727036157,0.2753447842,0.4519516001
13.5000000000,46.5000000000,0.3009970607,0.1934787973,0.5055241420
13.5000000000,47.5000000000,0.2970171116,0.1692698369,0.5337130516
13.5000000000,48.5000000000,0.2647186308,0.2061697985,0.5291115707
13.5000000000,49.5000000000,0.2632435065,0.2077434925,0.5290130010
13.5000000000,50.5000000000,0.2703241318,0.2326636269,0.4970122413
13.5000000000,51.5000000000,0.2737284018,0.2912463196,0.4350252786
13.5000000000,52.5000000000,0.2805295763,0.3308193347,0.3886510890
13.5000000000,53.5000000000,0.2783178597,0.3552948343,0.3663873059
13.5000000000,54.5000000000,0.2652184086,0.3753264054,0.3594551860
13.5000000000,55.5000000000,0.2616243205,0.3770102973,0.3613653822
13.5000000000,56.5000000000,0.2616614199,0.3777301350,0.3606084451
13.5000000000,57.5000000000,0.2628233159,0.3804240728,0.3567526113
13.5000000000,58.5000000000,0.2560479116,0.4001493633,0.3438027251
13.5000000000,59.5000000000,0.2510349119,0.4091129805,0.3398521076
13.5000000000,60.5000000000,0.2543953743,0.3952247912,0.3503798345
13.5000000000,61.5000000000,0.2551517495,0.3785151340,0.3663331165
13.5000000000,62.5000000000,0.2507884784,0.3672175634,0.3819939582
13.5000000000,63.5000000000,0.2373934672,0.3751226767,0.3874838561
13.5000000000,64.5000000000,0.2297120764,0.3696868165,0.4006011070
13.5000000000,65.5000000000,0.2213311731,0.3660556114,0.4126132156
13.5000000000,66.5000000000,0.2029414395,0.3876967531,0.4093618074
13.5000000000,67.5000000000,0.1868497965,0.4126272028,0.4005230007
13.5000000000,68.5000000000,0.1835740053,0.4102537077,0.4061722869
14.5000000000,35.5000000000,0.2118519042,0.1327133121,0.6554347838
14.5000000000,36.5000000000,0.2157547907,0.1388095587,0.6454356506
14.5000000000,37.5000000000,0.2320695268,0.1299146967,0.6380157765
14.5000000000,38.5000000000,0.2293892425,0.1774258863,0.5931848712
14.5000000000,40.5000000000,0.2466976163,0.2358662652,0.5174361185
14.5000000000,41.5000000000,0.2662440045,0.2287104131,0.5050455825
14.5000000000,42.5000000000,0.2536513095,0.2766006057,0.4697480848
14.5000000000,44.5000000000,0.2583936294,0.2782859714,0.4633203992
14.5000000000,45.5000000000,0.2760455752,0.2280204720,0.4959339528
14.5000000000,46.5000000000,0.2806101820,0.1987196597,0.5206701583
14.5000000000,47.5000000000,0.2833193128,0.1680812273,0.5485994599
14.5000000000,48.5000000000,0.2625026129,0.1973178761,0.5401795109
14.5000000000,49.5000000000,0.2615591912,0.2102978024,0.5281430064
14.5000000000,50.5000000000,0.2701693681,0.2452879541,0.4845426777
14.5000000000,51.5000000000,0.2805880736,0.2903727739,0.4290391525
14.5000000000,52.5000000000,0.2865548023,0.3283458181,0.3850993796
14.5000000000,53.5000000000,0.2854145378,0.3500389708,0.3645464914
14.5000000000,54.5000000000,0.2789373242,0.3653883076,0.3556743682
14.5000000000,55.5000000000,0.2758722240,0.3723848685,0.3517429075
14.5000000000,56.5000000000,0.2793066773,0.3707780296,0.3499152931
14.5000000000,57.5000000000,0.2794450428,0.3687425438,0.3518124134
14.5000000000,58.5000000000,0.2707653800,0.3884618473,0.3407727727
14.5000000000,59.5000000000,0.2650795009,0.3967197037,0.3382007954
14.5000000000,60.5000000000,0.2611658376,0.3974434800,0.3413906824
14.5000000000,61.5000000000,0.2572283809,0.3858065796,0.3569650395
14.5000000000,62.5000000000,0.2442794891,0.3883734687,0.3673470422
14.5000000000,63.5000000000,0.2297655008,0.3937433415,0.3764911578
14.5000000000,64.5000000000,0.2310479901,0.3655584365,0.4033935734
14.5000000000,65.5000000000,0.2285002746,0.3471996348,0.4243000906
14.5000000000,66.5000000000,0.2167943648,0.3497791644,0.4334264709
14.5000000000,67.5000000000,0.1879341070,0.4026572445,0.4094086485
14.5000000000,68.5000000000,0.1814449858,0.4066185148,0.4119364993
15.5000000000,36.5000000000,0.2239976571,0.1543826235,0.6216197195
15.5000000000,37.5000000000,0.2317593577,0.1637141389,0.6045265034
15.5000000000,38.5000000000,0.2407379798,0.1820990228,0.5771629974
15.5000000000,39.5000000000,0.2469694600,0.2122278973,0.5408026427
15.5000000000,40.5000000000,0.2681042168,0.1951995996,0.5366961835
15.5000000000,41.5000000000,0.2556433376,0.2386119666,0.5057446959
15.5000000000,43.5000000000,0.2471103532,0.2702574430,0.4826322038
15.5000000000,44.5000000000,0.2665408219,0.2256442818,0.5078148963
15.5000000000,45.5000000000,0.2567815449,0.2321693477,0.5110491074
15.5000000000,46.5000000000,0.2596182903,0.2121096849,0.5282720248
15.5000000000,47.5000000000,0.2690274965,0.1782454970,0.5527270065
15.5000000000,48.5000000000,0.2576890031,0.1996475106,0.5426634863
15.5000000000,49.5000000000,0.2669938534,0.2076225959,0.5253835507
15.5000000000,50.5000000000,0.2783570419,0.2388114251,0.4828315330
15.5000000000,51.5000000000,0.2832990065,0.2861951406,0.4305058529
15.5000000000,52.5000000000,0.2894685015,0.3175833681,0.3929481304
15.5000000000,53.5000000000,0.2924821290,0.3310326418,0.3764852292
15.5000000000,54.5000000000,0.2877999798,0.3488450569,0.3633549633
15.5000000000,55.5000000000,0.2860438409,0.3594731272,0.3544830320
15.5000000000,56.5000000000,0.2903283778,0.3596581732,0.3500134490
15.5000000000,57.5000000000,0.2910327934,0.3608685040,0.3480987026
15.5000000000,58.5000000000,0.2819555398,0.3802566247,0.3377878355
15.5000000000,59.5000000000,0.2717654100,0.3935262355,0.3347083544
15.5000000000,60.5000000000,0.2652086318,0.3954260692,0.3393652990
15.5000000000,61.5000000000,0.2547863953,0.3940483856,0.3511652190
15.5000000000,62.5000000000,0.2420484308,0.3928573373,0.3650942319
15.5000000000,63.5000000000,0.2295191383,0.3942814199,0.3761994418
15.5000000000,64.5000000000,0.2232757519,0.3807431884,0.3959810597
15.5000000000,65.5000000000,0.2230134488,0.3545261559,0.4224603953
15.5000000000,66.5000000000,0.2190087529,0.3370833358,0.4439079113
15.5000000000,67.5000000000,0.1905922676,0.3830178563,0.4263898761
15.5000000000,68.5000000000,0.1760899817,0.4033652427,0.4205447755
15.5000000000,69.5000000000,0.1660420509,0.4194205025,0.4145374466
16.5000000000,37.5000000000,0.2346489050,0.1796787842,0.5856723108
16.5000000000,38.5000000000,0.2471086336,0.1878994218,0.5649919446
16.5000000000,39.5000000000,0.2660026185,0.1867205118,0.5472768697
16.5000000000,40.5000000000,0.2574577062,0.2125444754,0.5299978183
16.5000000000,41.5000000000,0.2449694745,0.2428047329,0.5122257927
16.5000000000,42.5000000000,0.2419147639,0.2551294397,0.5029557964
16.5000000000,43.5000000000,0.2514338899,0.2338672225,0.5146988876
16.5000000000,44.5000000000,0.2626450431,0.2043688188,0.5329861381
16.5000000000,45.5000000000,0.2441699956,0.2359385328,0.5198914716
16.5000000000,46.5000000000,0.2452066599,0.2248409793,0.5299523608
16.5000000000,47.5000000000,0.2482377492,0.2120794894,0.5396827613
16.5000000000,48.5000000000,0.2490814310,0.2157123149,0.5352062540
16.5000000000,49.5000000000,0.2665904951,0.2173929754,0.5160165295
16.5000000000,50.5000000000,0.2823104861,0.2410754274,0.4766140865
16.5000000000,51.5000000000,0.2808015187,0.2892276611,0.4299708202
16.5000000000,52.5000000000,0.2872019950,0.3118563232,0.4009416819
16.5000000000,53.5000000000,0.2926548012,0.3170345582,0.3903106406
16.5000000000,54.5000000000,0.2892618321,0.3302312749,0.3805068931
16.5000000000,56.5000000000,0.2904210414,0.3549203362,0.3546586224
16.5000000000,57.5000000000,0.2897005611,0.3645364432,0.3457629957
16.5000000000,58.5000000000,0.2870566576,0.3755375821,0.3374057603
16.5000000000,59.5000000000,0.2752279687,0.3893189921,0.3354530392
16.5000000000,60.5000000000,0.2642093387,0.3944465929,0.3413440684
16.5000000000,61.5000000000,0.2513697442,0.3975454280,0.3510848278
16.5000000000,62.5000000000,0.2401664592,0.3930758119,0.3667577289
16.5000000000,63.5000000000,0.2262465390,0.3959398527,0.3778136083
16.5000000000,64.5000000000,0.2195264560,0.3847522981,0.3957212458
16.5000000000,65.5000000000,0.2137824728,0.3703121864,0.4159053407
16.5000000000,66.5000000000,0.2117318690,0.3458737851,0.4423943460
16.5000000000,67.5000000000,0.2004930389,0.3461767610,0.4533302001
16.5000000000,68.5000000000,0.1708415424,0.4010736314,0.4280848262
16.5000000000,69.5000000000,0.1582246659,0.4282624935,0.4135128406
17.5000000000,38.5000000000,0.2395090228,0.2002365866,0.5602543906
17.5000000000,39.5000000000,0.2428488956,0.2162726270,0.5408784773
17.5000000000,40.5000000000,0.2422998477,0.2226616415,0.5350385107
17.5000000000,41.5000000000,0.2370763965,0.2375808035,0.5253428000
17.5000000000,42.5000000000,0.2350894365,0.2411703019,0.5237402615
17.5000000000,43.5000000000,0.2549914999,0.1969129306,0.5480955695
17.5000000000,44.5000000000,0.2515944551,0.2036420710,0.5447634739
17.5000000000,45.5000000000,0.2385111069,0.2307418254,0.5307470677
17.5000000000,46.5000000000,0.2390609849,0.2285422978,0.5323967172
17.5000000000,47.5000000000,0.2426171719,0.2262046780,0.5311781501
17.5000000000,48.5000000000,0.2499042381,0.2249230719,0.5251726900
17.5000000000,49.5000000000,0.2653900126,0.2283514011,0.5062585863
17.5000000000,50.5000000000,0.2756221899,0.2545504393,0.4698273708
17.5000000000,51.5000000000,0.2787581291,0.2882855766,0.4329562943
17.5000000000,52.5000000000,0.2835907620,0.3101915907,0.4062176473
17.5000000000,53.5000000000,0.2873161768,0.3129778942,0.3997059290
17.5000000000,54.5000000000,0.2870496424,0.3112801544,0.4016702032
17.5000000000,57.5000000000,0.2855769192,0.3601375820,0.3542854988
17.5000000000,58.5000000000,0.2816044302,0.3733456270,0.3450499428
17.5000000000,59.5000000000,0.2726449810,0.3833403169,0.3440147021
