Lon,Lat,C_KK10LonLatElev,B_KK10LonLatElev,U_KK10LonLatElev
-10.5000000000,51.5000000000,0.0536294104,0.3107497134,0.6356208761
-10.5000000000,52.5000000000,0.0453222194,0.2581168627,0.6965609178
-10.5000000000,53.5000000000,0.0430762683,0.2633724456,0.6935512861
-10.5000000000,54.5000000000,0.0494591277,0.2353301716,0.7152107007
-9.5000000000,38.5000000000,0.1141369901,0.2377982012,0.6480648087
-9.5000000000,39.5000000000,0.1105747475,0.2462078943,0.6432173582
-9.5000000000,42.5000000000,0.0945112259,0.3011546273,0.6043341468
-9.5000000000,43.5000000000,0.0865935583,0.3222410246,0.5911654171
-9.5000000000,51.5000000000,0.0577647272,0.3417456382,0.6004896346
-9.5000000000,52.5000000000,0.0524545114,0.3000413092,0.6475041794
-9.5000000000,53.5000000000,0.0508159421,0.2841720545,0.6650120035
-9.5000000000,54.5000000000,0.0533402911,0.2567902937,0.6898694152
-8.5000000000,37.5000000000,0.1313233535,0.2079781149,0.6606985316
-8.5000000000,38.5000000000,0.1302737618,0.2140237687,0.6557024695
-8.5000000000,39.5000000000,0.1226400663,0.2256927883,0.6516671453
-8.5000000000,40.5000000000,0.1200023620,0.2347322543,0.6452653838
-8.5000000000,41.5000000000,0.1168824391,0.2494457881,0.6336717729
-8.5000000000,42.5000000000,0.1116772144,0.2665691897,0.6217535959
-8.5000000000,43.5000000000,0.0952052794,0.3063179388,0.5984767818
-8.5000000000,51.5000000000,0.0525327508,0.3474651775,0.6000020717
-8.5000000000,52.5000000000,0.0521807883,0.3156008807,0.6322183310
-8.5000000000,53.5000000000,0.0545936668,0.3149056332,0.6305007000
-8.5000000000,54.5000000000,0.0609473564,0.2880854773,0.6509671663
-8.5000000000,55.5000000000,0.0569856726,0.2676373560,0.6753769715
-7.5000000000,37.5000000000,0.1423381244,0.1969021651,0.6607597105
-7.5000000000,38.5000000000,0.1449828935,0.1973441332,0.6576729733
-7.5000000000,39.5000000000,0.1448459388,0.1999114744,0.6552425868
-7.5000000000,40.5000000000,0.1515954873,0.1923632321,0.6560412806
-7.5000000000,41.5000000000,0.1438211294,0.2137758290,0.6424030416
-7.5000000000,42.5000000000,0.1378194546,0.2296997388,0.6324808066
-7.5000000000,43.5000000000,0.1067760156,0.2872187176,0.6060052668
-7.5000000000,51.5000000000,0.0440539305,0.3670256401,0.5889204294
-7.5000000000,52.5000000000,0.0535454679,0.3303034567,0.6161510754
-7.5000000000,53.5000000000,0.0590021493,0.3430434397,0.5979544110
-7.5000000000,54.5000000000,0.0697566208,0.3221767896,0.6080665896
-7.5000000000,55.5000000000,0.0651683311,0.2905515176,0.6442801513
-7.5000000000,57.5000000000,0.0502859044,0.1817235917,0.7679905038
-7.5000000000,58.5000000000,0.0488635701,0.1475822996,0.8035541304
-7.5000000000,62.5000000000,0.0628536312,0.1244920607,0.8126543081
-6.5000000000,35.5000000000,0.1612057605,0.1702552630,0.6685389765
-6.5000000000,36.5000000000,0.1575123476,0.1774389411,0.6650487114
-6.5000000000,37.5000000000,0.1660192901,0.1724612888,0.6615194211
-6.5000000000,38.5000000000,0.1772055643,0.1672504803,0.6555439554
-6.5000000000,39.5000000000,0.1672808153,0.1864276765,0.6462915083
-6.5000000000,40.5000000000,0.1750108090,0.1832971206,0.6416920704
-6.5000000000,41.5000000000,0.1631895533,0.2050197306,0.6317907162
-6.5000000000,42.5000000000,0.1758904847,0.1908939498,0.6332155655
-6.5000000000,43.5000000000,0.1156505655,0.2835720288,0.6007774057
-6.5000000000,52.5000000000,0.0520001637,0.3309364011,0.6170634352
-6.5000000000,53.5000000000,0.0592329368,0.3556809890,0.5850860742
-6.5000000000,54.5000000000,0.0730055458,0.3525563755,0.5744380787
-6.5000000000,55.5000000000,0.0686509457,0.3155309220,0.6158181323
-6.5000000000,56.5000000000,0.0587999958,0.2509040343,0.6902959699
-6.5000000000,57.5000000000,0.0534411060,0.1821523942,0.7644064997
-6.5000000000,58.5000000000,0.0484981483,0.1460367848,0.8054650669
-6.5000000000,61.5000000000,0.0569776780,0.1187070283,0.8243152937
-6.5000000000,62.5000000000,0.0622945952,0.1197267605,0.8179786443
-5.5000000000,35.5000000000,0.1933286779,0.1367913804,0.6698799417
-5.5000000000,36.5000000000,0.1905507155,0.1426763190,0.6667729655
-5.5000000000,37.5000000000,0.1824634095,0.1565271095,0.6610094810
-5.5000000000,38.5000000000,0.1989334452,0.1518856121,0.6491809427
-5.5000000000,39.5000000000,0.1939161235,0.1681888741,0.6378950024
-5.5000000000,40.5000000000,0.2174752564,0.1481643476,0.6343603959
-5.5000000000,41.5000000000,0.1830816435,0.1979258330,0.6189925236
-5.5000000000,42.5000000000,0.1817981309,0.2071318347,0.6110700344
-5.5000000000,43.5000000000,0.1245443119,0.2928510947,0.5826045934
-5.5000000000,50.5000000000,0.0434457645,0.2779027920,0.6786514434
-5.5000000000,51.5000000000,0.0450373818,0.2887903627,0.6661722555
-5.5000000000,54.5000000000,0.0653431606,0.3404477077,0.5942091317
-5.5000000000,55.5000000000,0.0650485421,0.3043747601,0.6305766978
-5.5000000000,56.5000000000,0.0629710291,0.2312163096,0.7058126613
-5.5000000000,57.5000000000,0.0599131069,0.1695421401,0.7705447530
-5.5000000000,58.5000000000,0.0487787740,0.1506977587,0.8005234673
-4.5000000000,35.5000000000,0.1988405436,0.1283629801,0.6727964763
-4.5000000000,36.5000000000,0.1989263259,0.1317602560,0.6693134181
-4.5000000000,37.5000000000,0.2179396171,0.1222551717,0.6598052112
-4.5000000000,38.5000000000,0.2343128923,0.1287267269,0.6369603808
-4.5000000000,39.5000000000,0.2406639960,0.1426820686,0.6166539354
-4.5000000000,40.5000000000,0.2613842466,0.1376306783,0.6009850751
-4.5000000000,41.5000000000,0.2246115220,0.1795901981,0.5957982800
-4.5000000000,42.5000000000,0.2060564362,0.2032610270,0.5906825368
-4.5000000000,43.5000000000,0.1344771023,0.2977769830,0.5677459147
-4.5000000000,47.5000000000,0.0438112877,0.2860824136,0.6701062988
-4.5000000000,48.5000000000,0.0421314421,0.2632320561,0.6946365019
-4.5000000000,50.5000000000,0.0400367077,0.2452270287,0.7147362636
-4.5000000000,51.5000000000,0.0409039219,0.2566934551,0.7024026230
-4.5000000000,52.5000000000,0.0457473233,0.2712141933,0.6830384834
-4.5000000000,53.5000000000,0.0501715800,0.2937559012,0.6560725188
-4.5000000000,54.5000000000,0.0553870358,0.3009611027,0.6436518615
-4.5000000000,55.5000000000,0.0608205230,0.2648748392,0.6743046378
-4.5000000000,56.5000000000,0.0677821416,0.1948096607,0.7374081977
-4.5000000000,57.5000000000,0.0609941942,0.1539017969,0.7851040089
-4.5000000000,58.5000000000,0.0522789599,0.1327947099,0.8149263302
-3.5000000000,35.5000000000,0.2101958482,0.1086102369,0.6811939149
-3.5000000000,36.5000000000,0.2126294515,0.1094226389,0.6779479096
-3.5000000000,37.5000000000,0.2690875551,0.0782128491,0.6526995958
-3.5000000000,38.5000000000,0.2544969616,0.1062919801,0.6392110583
-3.5000000000,39.5000000000,0.2690028594,0.1218935301,0.6091036105
-3.5000000000,40.5000000000,0.2795953215,0.1354463299,0.5849583486
-3.5000000000,41.5000000000,0.2779914107,0.1464394436,0.5755691457
-3.5000000000,42.5000000000,0.2202436403,0.1951668109,0.5845895489
-3.5000000000,43.5000000000,0.1256867496,0.2965502308,0.5777630196
-3.5000000000,47.5000000000,0.0443544365,0.2586011706,0.6970443928
-3.5000000000,48.5000000000,0.0397015839,0.2440737947,0.7162246214
-3.5000000000,50.5000000000,0.0366717521,0.2303427141,0.7329855338
-3.5000000000,51.5000000000,0.0390219907,0.2204793560,0.7404986532
-3.5000000000,52.5000000000,0.0462482997,0.2147540238,0.7389976765
-3.5000000000,53.5000000000,0.0454703622,0.2466141598,0.7079154780
-3.5000000000,54.5000000000,0.0500055535,0.2467384199,0.7032560266
-3.5000000000,55.5000000000,0.0582937057,0.2236090398,0.7180972545
-3.5000000000,56.5000000000,0.0610120847,0.1857712529,0.7532166625
-3.5000000000,57.5000000000,0.0584931469,0.1469248218,0.7945820313
-3.5000000000,58.5000000000,0.0510840353,0.1254448946,0.8234710701
-3.5000000000,59.5000000000,0.0494650540,0.1138148539,0.8367200921
-2.5000000000,35.5000000000,0.2126163970,0.0918093649,0.6955742381
-2.5000000000,36.5000000000,0.2183344479,0.0912816129,0.6903839392
-2.5000000000,37.5000000000,0.2730275226,0.0614027865,0.6655696909
-2.5000000000,38.5000000000,0.2943262034,0.0723896436,0.6332841531
-2.5000000000,39.5000000000,0.2931894843,0.0976073231,0.6092031926
-2.5000000000,40.5000000000,0.3123260821,0.1106282313,0.5770456866
-2.5000000000,41.5000000000,0.3022242693,0.1339093087,0.5638664219
-2.5000000000,42.5000000000,0.2278865121,0.1977720921,0.5743413958
-2.5000000000,43.5000000000,0.1267700513,0.3007357376,0.5724942111
-2.5000000000,46.5000000000,0.0543697032,0.2899027731,0.6557275237
-2.5000000000,47.5000000000,0.0452343012,0.2624046731,0.6923610257
-2.5000000000,48.5000000000,0.0384168038,0.2534035343,0.7081796619
-2.5000000000,49.5000000000,0.0376252785,0.2455730609,0.7168016607
-2.5000000000,50.5000000000,0.0351540777,0.2464707214,0.7183752010
-2.5000000000,51.5000000000,0.0355161129,0.2336231664,0.7308607206
-2.5000000000,52.5000000000,0.0373584054,0.2235128250,0.7391287696
-2.5000000000,53.5000000000,0.0400507119,0.2175572978,0.7423919903
-2.5000000000,54.5000000000,0.0479967150,0.1875970173,0.7644062677
-2.5000000000,55.5000000000,0.0504266725,0.1865909547,0.7629823728
-2.5000000000,56.5000000000,0.0494765700,0.1746072483,0.7759161817
-2.5000000000,57.5000000000,0.0520316762,0.1479146943,0.8000536294
-2.5000000000,58.5000000000,0.0489933222,0.1256420698,0.8253646079
-1.5000000000,35.5000000000,0.1961280698,0.0828456361,0.7210262941
-1.5000000000,36.5000000000,0.2106506379,0.0782685413,0.7110808209
-1.5000000000,37.5000000000,0.2187809443,0.0769159261,0.7043031296
-1.5000000000,38.5000000000,0.2648439600,0.0721635136,0.6629925263
-1.5000000000,39.5000000000,0.2977216428,0.0807180794,0.6215602778
-1.5000000000,40.5000000000,0.3506805966,0.0783527738,0.5709666296
-1.5000000000,41.5000000000,0.2905332127,0.1357609910,0.5737057964
-1.5000000000,42.5000000000,0.2292702716,0.1943770692,0.5763526592
-1.5000000000,43.5000000000,0.1524133336,0.2625969966,0.5849896699
-1.5000000000,44.5000000000,0.1110069416,0.2916190425,0.5973740159
-1.5000000000,45.5000000000,0.0814997794,0.2950415612,0.6234586594
-1.5000000000,46.5000000000,0.0635493443,0.2777301867,0.6587204690
-1.5000000000,47.5000000000,0.0500241753,0.2634167262,0.6865590985
-1.5000000000,48.5000000000,0.0416546992,0.2569429511,0.7014023496
-1.5000000000,49.5000000000,0.0377704212,0.2644121583,0.6978174205
-1.5000000000,50.5000000000,0.0374775825,0.2612372149,0.7012852026
-1.5000000000,51.5000000000,0.0366400581,0.2360672423,0.7272926996
-1.5000000000,52.5000000000,0.0354367561,0.2206787778,0.7438844661
-1.5000000000,53.5000000000,0.0377030137,0.1999824236,0.7623145627
-1.5000000000,54.5000000000,0.0389022746,0.1869578061,0.7741399193
-1.5000000000,55.5000000000,0.0421810229,0.1800608766,0.7777581005
-1.5000000000,57.5000000000,0.0460292714,0.1555611366,0.7984095920
-1.5000000000,59.5000000000,0.0510943018,0.1127396596,0.8361660386
-1.5000000000,60.5000000000,0.0539229358,0.1058537864,0.8402232779
-0.5000000000,35.5000000000,0.1997134957,0.0646021054,0.7356843989
-0.5000000000,37.5000000000,0.1995019759,0.0765453404,0.7239526838
-0.5000000000,38.5000000000,0.2360558393,0.0736801223,0.6902640383
-0.5000000000,39.5000000000,0.2523881068,0.0903664357,0.6572454576
-0.5000000000,40.5000000000,0.3381249754,0.0754471321,0.5864278925
-0.5000000000,41.5000000000,0.2901176289,0.1294686183,0.5804137529
-0.5000000000,42.5000000000,0.3182178351,0.1261223531,0.5556598119
-0.5000000000,43.5000000000,0.1796789806,0.2491776848,0.5711433346
-0.5000000000,44.5000000000,0.1302759153,0.2849973538,0.5847267310
-0.5000000000,45.5000000000,0.0889486747,0.3048511219,0.6062002034
-0.5000000000,46.5000000000,0.0695047094,0.2795280396,0.6509672510
-0.5000000000,47.5000000000,0.0521130698,0.2675310945,0.6803558357
-0.5000000000,48.5000000000,0.0466356357,0.2523698907,0.7009944737
-0.5000000000,49.5000000000,0.0390267695,0.2647047899,0.6962684406
-0.5000000000,50.5000000000,0.0375060569,0.2599991518,0.7024947912
-0.5000000000,51.5000000000,0.0376306573,0.2387271989,0.7236421438
-0.5000000000,52.5000000000,0.0353646531,0.2258753321,0.7387600147
-0.5000000000,53.5000000000,0.0339533259,0.2170939318,0.7489527423
-0.5000000000,54.5000000000,0.0359449478,0.1939576317,0.7700974205
-0.5000000000,60.5000000000,0.0591485834,0.1181893332,0.8226620834
0.5000000000,35.5000000000,0.2063813227,0.0516175243,0.7420011529
0.5000000000,36.5000000000,0.1857751501,0.0647603080,0.7494645419
0.5000000000,38.5000000000,0.2057860154,0.0777752700,0.7164387146
0.5000000000,40.5000000000,0.2598542335,0.1104742595,0.6296715070
0.5000000000,41.5000000000,0.2795820234,0.1328074624,0.5876105141
0.5000000000,42.5000000000,0.3588907068,0.1036705752,0.5374387180
0.5000000000,43.5000000000,0.1941768194,0.2432578909,0.5625652896
0.5000000000,44.5000000000,0.1425161785,0.2948484609,0.5626353606
0.5000000000,45.5000000000,0.1083850076,0.2947428907,0.5968721017
0.5000000000,46.5000000000,0.0767909836,0.2882652609,0.6349437555
0.5000000000,47.5000000000,0.0563810696,0.2713957389,0.6722231915
0.5000000000,48.5000000000,0.0483653963,0.2441824138,0.7074521899
0.5000000000,49.5000000000,0.0410448409,0.2536866732,0.7052684859
0.5000000000,50.5000000000,0.0385425511,0.2641756255,0.6972818234
0.5000000000,51.5000000000,0.0396821620,0.2585493869,0.7017684510
0.5000000000,52.5000000000,0.0395955055,0.2472884155,0.7131160790
0.5000000000,53.5000000000,0.0373831168,0.2457769709,0.7168399123
1.5000000000,35.5000000000,0.2318281101,0.0376297792,0.7305421107
1.5000000000,36.5000000000,0.1869089825,0.0569215646,0.7561694529
1.5000000000,38.5000000000,0.1949247190,0.0726042318,0.7324710492
1.5000000000,39.5000000000,0.2217029725,0.0896044801,0.6886925474
1.5000000000,41.5000000000,0.2883628880,0.1279833688,0.5836537432
1.5000000000,42.5000000000,0.3917326417,0.0959637070,0.5123036513
1.5000000000,43.5000000000,0.2195656038,0.2479939892,0.5324404070
1.5000000000,44.5000000000,0.1755506216,0.2890352087,0.5354141697
1.5000000000,45.5000000000,0.1457218762,0.2715786781,0.5826994457
1.5000000000,46.5000000000,0.0942777946,0.2835259019,0.6221963035
1.5000000000,47.5000000000,0.0631933370,0.2744990963,0.6623075666
1.5000000000,48.5000000000,0.0481599913,0.2522399853,0.6996000233
1.5000000000,49.5000000000,0.0427448751,0.2508030509,0.7064520739
1.5000000000,50.5000000000,0.0414238355,0.2784505254,0.6801256391
1.5000000000,51.5000000000,0.0421174579,0.2973273318,0.6605552103
1.5000000000,52.5000000000,0.0443138969,0.2971882357,0.6584978674
2.5000000000,35.5000000000,0.2306677337,0.0375967409,0.7317355254
2.5000000000,36.5000000000,0.1913319153,0.0545238639,0.7541442208
2.5000000000,39.5000000000,0.2220794497,0.0905902734,0.6873302769
2.5000000000,41.5000000000,0.2721699659,0.1378458886,0.5899841455
2.5000000000,42.5000000000,0.3139285278,0.1400568041,0.5460146681
2.5000000000,43.5000000000,0.2448982776,0.2188472612,0.5362544612
2.5000000000,44.5000000000,0.2436853492,0.2364234971,0.5198911537
2.5000000000,45.5000000000,0.2057014638,0.2298008821,0.5644976541
2.5000000000,46.5000000000,0.1101992652,0.2933841514,0.5964165834
2.5000000000,47.5000000000,0.0719010931,0.2910454342,0.6370534727
2.5000000000,48.5000000000,0.0513733611,0.2766143436,0.6720122953
2.5000000000,49.5000000000,0.0456989862,0.2744851321,0.6798158818
2.5000000000,50.5000000000,0.0456249684,0.3180493011,0.6363257305
2.5000000000,51.5000000000,0.0468772257,0.3646176244,0.5885051499
3.5000000000,35.5000000000,0.2368033945,0.0399231886,0.7232734168
3.5000000000,36.5000000000,0.2065121017,0.0538162836,0.7396716147
3.5000000000,39.5000000000,0.2211708979,0.0953924103,0.6834366918
3.5000000000,40.5000000000,0.2252881362,0.1244648698,0.6502469940
3.5000000000,41.5000000000,0.2416882771,0.1519587304,0.6063529925
3.5000000000,42.5000000000,0.2329255224,0.1995207621,0.5675537155
3.5000000000,43.5000000000,0.2166803192,0.2464425728,0.5368771080
3.5000000000,44.5000000000,0.2819910570,0.1992410221,0.5187679209
3.5000000000,45.5000000000,0.2138518667,0.2483743700,0.5377737633
3.5000000000,46.5000000000,0.1272941120,0.3161118320,0.5565940561
3.5000000000,47.5000000000,0.0844208322,0.3334029062,0.5821762617
3.5000000000,48.5000000000,0.0645839327,0.3196002761,0.6158157912
3.5000000000,49.5000000000,0.0577989197,0.3405929205,0.6016081598
3.5000000000,50.5000000000,0.0541041209,0.4050536839,0.5408421952
3.5000000000,51.5000000000,0.0558412729,0.4599365068,0.4842222202
4.5000000000,35.5000000000,0.2432353977,0.0466415559,0.7101230464
4.5000000000,36.5000000000,0.2314767738,0.0532755057,0.7152477204
4.5000000000,39.5000000000,0.2037219314,0.1017609339,0.6945171347
4.5000000000,40.5000000000,0.2135633114,0.1278219508,0.6586147378
4.5000000000,43.5000000000,0.2029870614,0.2539736390,0.5430392996
4.5000000000,44.5000000000,0.2275866701,0.2542455515,0.5181677784
4.5000000000,45.5000000000,0.2232886726,0.2729332880,0.5037780394
4.5000000000,46.5000000000,0.1543900165,0.3396068472,0.5060031363
4.5000000000,47.5000000000,0.1180427569,0.3663335942,0.5156236489
4.5000000000,48.5000000000,0.0892267841,0.3923390409,0.5184341751
4.5000000000,49.5000000000,0.0785189413,0.4260580663,0.4954229924
4.5000000000,50.5000000000,0.0683642401,0.5039986306,0.4276371292
4.5000000000,51.5000000000,0.0646470672,0.5773463581,0.3580065747
4.5000000000,52.5000000000,0.0649962698,0.6114910584,0.3235126718
4.5000000000,53.5000000000,0.0681618955,0.5751888610,0.3566492435
4.5000000000,60.5000000000,0.0965006682,0.2329410666,0.6705582652
4.5000000000,61.5000000000,0.1075727959,0.2096719072,0.6827552969
5.5000000000,35.5000000000,0.2809960242,0.0477668859,0.6712370900
5.5000000000,36.5000000000,0.2538903769,0.0589249984,0.6871846247
5.5000000000,43.5000000000,0.2214365190,0.2247463843,0.5538170967
5.5000000000,44.5000000000,0.2955465935,0.1911781921,0.5132752144
5.5000000000,45.5000000000,0.2690277815,0.2758493913,0.4551228272
5.5000000000,46.5000000000,0.2253905433,0.3444499062,0.4301595505
5.5000000000,47.5000000000,0.1641415080,0.4119042583,0.4239542338
5.5000000000,48.5000000000,0.1295736244,0.4388068082,0.4316195674
5.5000000000,49.5000000000,0.1056620250,0.4881220196,0.4062159554
5.5000000000,50.5000000000,0.0866909015,0.5695154575,0.3437936411
5.5000000000,51.5000000000,0.0726281146,0.6674827754,0.2598891100
5.5000000000,52.5000000000,0.0708969153,0.7041870287,0.2249160561
5.5000000000,53.5000000000,0.0699748358,0.6599989775,0.2700261867
5.5000000000,58.5000000000,0.0928627798,0.3020668516,0.6050703686
5.5000000000,59.5000000000,0.1056668387,0.2636862954,0.6306468658
5.5000000000,60.5000000000,0.1238711653,0.2195484155,0.6565804192
5.5000000000,61.5000000000,0.1386892195,0.1924257249,0.6688850556
5.5000000000,62.5000000000,0.1302853042,0.2058225506,0.6638921451
6.5000000000,35.5000000000,0.3304632693,0.0458594103,0.6236773205
6.5000000000,36.5000000000,0.2726397768,0.0690176787,0.6583425445
6.5000000000,37.5000000000,0.2245753901,0.1036056045,0.6718190054
6.5000000000,43.5000000000,0.2452973801,0.2035263661,0.5511762538
6.5000000000,44.5000000000,0.4346322707,0.1025066207,0.4628611085
6.5000000000,45.5000000000,0.4798064929,0.1256302920,0.3945632151
6.5000000000,46.5000000000,0.3440001386,0.2529298261,0.4030700353
6.5000000000,47.5000000000,0.2561438797,0.3629975022,0.3808586181
6.5000000000,48.5000000000,0.1774448525,0.4410071961,0.3815479514
6.5000000000,49.5000000000,0.1288931267,0.5146919464,0.3564149270
6.5000000000,50.5000000000,0.1098189177,0.5768340873,0.3133469950
6.5000000000,51.5000000000,0.0772810036,0.7091830137,0.2135359827
6.5000000000,52.5000000000,0.0777253582,0.7460337985,0.1762408433
6.5000000000,53.5000000000,0.0739493539,0.6795625877,0.2464880584
6.5000000000,58.5000000000,0.1177445551,0.2789549222,0.6033005227
6.5000000000,59.5000000000,0.1539188699,0.2073336421,0.6387474880
6.5000000000,60.5000000000,0.1707980927,0.1806143598,0.6485875474
6.5000000000,61.5000000000,0.1783103147,0.1732157734,0.6484739119
6.5000000000,62.5000000000,0.1555925985,0.2015690090,0.6428383925
7.5000000000,35.5000000000,0.3509527632,0.0539165726,0.5951306642
7.5000000000,36.5000000000,0.2949102255,0.0811606398,0.6239291347
7.5000000000,37.5000000000,0.2398045619,0.1238931516,0.6363022864
7.5000000000,43.5000000000,0.2521845141,0.2352549541,0.5125605318
7.5000000000,44.5000000000,0.3771529246,0.1597770236,0.4630700518
7.5000000000,45.5000000000,0.4802738641,0.1271295733,0.3925965626
7.5000000000,46.5000000000,0.4698171041,0.1559323033,0.3742505926
7.5000000000,47.5000000000,0.3070382026,0.3386794174,0.3542823800
7.5000000000,48.5000000000,0.2132682077,0.4201563645,0.3665754278
7.5000000000,49.5000000000,0.1662844848,0.4791682528,0.3545472624
7.5000000000,50.5000000000,0.1242462482,0.5632918126,0.3124619392
7.5000000000,51.5000000000,0.0996583100,0.6364192368,0.2639224532
7.5000000000,52.5000000000,0.0848227982,0.6658784806,0.2492987212
7.5000000000,53.5000000000,0.0748935953,0.6067462231,0.3183601816
7.5000000000,58.5000000000,0.1349648752,0.2934052225,0.5716299024
7.5000000000,59.5000000000,0.2015873959,0.2032992734,0.5951133307
7.5000000000,60.5000000000,0.2370061675,0.1634931698,0.5995006627
7.5000000000,61.5000000000,0.2302736541,0.1626095215,0.6071168243
7.5000000000,62.5000000000,0.2045052943,0.1785164449,0.6169782608
7.5000000000,63.5000000000,0.1624152203,0.2249111068,0.6126736728
8.5000000000,35.5000000000,0.3679709704,0.0663814154,0.5656476142
8.5000000000,36.5000000000,0.3179150074,0.0952364788,0.5868485138
8.5000000000,37.5000000000,0.2706244555,0.1365139417,0.5928616028
8.5000000000,38.5000000000,0.2745541420,0.1507806491,0.5746652090
8.5000000000,39.5000000000,0.2809108418,0.1673496064,0.5517395518
8.5000000000,40.5000000000,0.2811990909,0.1863165730,0.5324843361
8.5000000000,41.5000000000,0.2525081236,0.2364412653,0.5110506110
8.5000000000,42.5000000000,0.2691754133,0.2430147675,0.4878098192
8.5000000000,43.5000000000,0.2726694188,0.2635851795,0.4637454017
8.5000000000,44.5000000000,0.3117804725,0.2479331367,0.4402863907
8.5000000000,45.5000000000,0.3196938465,0.2587160639,0.4215900896
8.5000000000,46.5000000000,0.4882024804,0.1315110720,0.3802864476
8.5000000000,47.5000000000,0.3153821448,0.3022910081,0.3823268471
8.5000000000,48.5000000000,0.2568612240,0.3521284312,0.3910103447
8.5000000000,49.5000000000,0.1725389535,0.4715939499,0.3558670965
8.5000000000,50.5000000000,0.1489125446,0.5084733135,0.3426141419
8.5000000000,51.5000000000,0.1238123973,0.5349962785,0.3411913242
8.5000000000,52.5000000000,0.0880116337,0.5674747835,0.3445135828
8.5000000000,53.5000000000,0.0724897803,0.5071045934,0.4204056263
8.5000000000,54.5000000000,0.0620728031,0.4531218785,0.4848053184
8.5000000000,55.5000000000,0.0633515647,0.3935289383,0.5431194970
8.5000000000,56.5000000000,0.0670687459,0.3548763003,0.5780549538
8.5000000000,57.5000000000,0.0826117765,0.3703843172,0.5470039064
8.5000000000,58.5000000000,0.1247318326,0.3397759212,0.5354922462
8.5000000000,59.5000000000,0.1983361498,0.2593434488,0.5423204014
8.5000000000,60.5000000000,0.2557918226,0.2011968518,0.5430113256
8.5000000000,61.5000000000,0.2889372524,0.1595112004,0.5515515471
8.5000000000,62.5000000000,0.2550937264,0.1651186749,0.5797875987
8.5000000000,63.5000000000,0.1862836440,0.2240049739,0.5897113821
9.5000000000,35.5000000000,0.3679863085,0.0930843327,0.5389293588
9.5000000000,36.5000000000,0.3457471587,0.1109289423,0.5433238990
9.5000000000,37.5000000000,0.3056778200,0.1492368689,0.5450853110
9.5000000000,39.5000000000,0.3128340283,0.1842001151,0.5029658566
9.5000000000,40.5000000000,0.3136437452,0.2055117227,0.4808445320
9.5000000000,41.5000000000,0.2853977226,0.2558120749,0.4587902025
9.5000000000,42.5000000000,0.3095136723,0.2515228044,0.4389635232
9.5000000000,44.5000000000,0.3582128767,0.2388582869,0.4029288364
9.5000000000,45.5000000000,0.3237566167,0.2680027156,0.4082406678
9.5000000000,46.5000000000,0.5167852775,0.1171063579,0.3661083646
9.5000000000,47.5000000000,0.3661175300,0.2590449167,0.3748375533
9.5000000000,48.5000000000,0.2734736902,0.3444090407,0.3821172691
9.5000000000,49.5000000000,0.2245784271,0.4165874302,0.3588341428
9.5000000000,50.5000000000,0.1942494150,0.4441961035,0.3615544815
9.5000000000,51.5000000000,0.1374353488,0.4865236560,0.3760409951
9.5000000000,52.5000000000,0.0977512787,0.5045140030,0.3977347183
9.5000000000,53.5000000000,0.0767303897,0.4617449021,0.4615247082
9.5000000000,54.5000000000,0.0654350646,0.4136641407,0.5209007946
9.5000000000,55.5000000000,0.0640630672,0.3870248266,0.5489121062
9.5000000000,56.5000000000,0.0708297579,0.3655630560,0.5636071861
9.5000000000,57.5000000000,0.0883441419,0.3878754918,0.5237803663
9.5000000000,58.5000000000,0.1186494691,0.3986256456,0.4827248852
9.5000000000,59.5000000000,0.1836588302,0.3417073545,0.4746338154
9.5000000000,60.5000000000,0.2552124385,0.2691556281,0.4756319334
9.5000000000,61.5000000000,0.2995858295,0.2051925658,0.4952216048
9.5000000000,62.5000000000,0.2903582408,0.1659064961,0.5437352631
9.5000000000,63.5000000000,0.2074569882,0.2239449367,0.5685980751
10.5000000000,35.5000000000,0.3628574054,0.1217974379,0.5153451567
10.5000000000,36.5000000000,0.3544232947,0.1351333785,0.5104433268
10.5000000000,37.5000000000,0.3373582988,0.1576747390,0.5049669621
10.5000000000,42.5000000000,0.2736168392,0.3241302889,0.4022528719
10.5000000000,43.5000000000,0.3055167466,0.3034234806,0.3910597728
10.5000000000,44.5000000000,0.3767184428,0.2489714136,0.3743101436
10.5000000000,45.5000000000,0.3529448946,0.2540955459,0.3929595595
10.5000000000,46.5000000000,0.5722731590,0.0895600280,0.3381668130
10.5000000000,47.5000000000,0.4878180901,0.1717519525,0.3404299575
10.5000000000,48.5000000000,0.3568744517,0.3097700990,0.3333554493
10.5000000000,49.5000000000,0.3279506325,0.3554311128,0.3166182547
10.5000000000,50.5000000000,0.2890345192,0.3832070571,0.3277584237
10.5000000000,51.5000000000,0.2030075441,0.4340981117,0.3628943442
10.5000000000,52.5000000000,0.1269874050,0.4762936718,0.3967189232
10.5000000000,53.5000000000,0.0905702629,0.4586824791,0.4507472580
10.5000000000,54.5000000000,0.0695423837,0.4400225633,0.4904350529
10.5000000000,55.5000000000,0.0662367582,0.4305648463,0.5031983955
10.5000000000,56.5000000000,0.0747924610,0.4169959514,0.5082115876
10.5000000000,57.5000000000,0.0987209380,0.4245382327,0.4767408293
10.5000000000,59.5000000000,0.1817358572,0.4138226811,0.4044414617
10.5000000000,60.5000000000,0.2581820360,0.3334893869,0.4083285771
10.5000000000,61.5000000000,0.3130240572,0.2381506877,0.4488252551
10.5000000000,62.5000000000,0.2810251694,0.1948979279,0.5240769027
10.5000000000,63.5000000000,0.2301021742,0.2351612540,0.5347365718
10.5000000000,64.5000000000,0.2220614769,0.2444356207,0.5335029025
11.5000000000,35.5000000000,0.3746620537,0.1374148626,0.4879230837
11.5000000000,36.5000000000,0.3633333704,0.1533346462,0.4833319834
11.5000000000,42.5000000000,0.2605546340,0.3355024389,0.4039429271
11.5000000000,43.5000000000,0.3002604132,0.2905317209,0.4092078658
11.5000000000,44.5000000000,0.3057634110,0.3060046882,0.3882319007
11.5000000000,45.5000000000,0.3510210090,0.2720503433,0.3769286477
11.5000000000,46.5000000000,0.5644188314,0.1225728073,0.3130083613
11.5000000000,47.5000000000,0.5724410872,0.1504721921,0.2770867208
11.5000000000,48.5000000000,0.4707599285,0.2654437117,0.2637963598
11.5000000000,49.5000000000,0.4747243074,0.2788799279,0.2463957647
11.5000000000,50.5000000000,0.4358175050,0.3049999580,0.2591825371
11.5000000000,51.5000000000,0.2610717718,0.4279191769,0.3110090513
11.5000000000,52.5000000000,0.1609993581,0.4760883082,0.3629123337
11.5000000000,53.5000000000,0.1085733992,0.4713342213,0.4200923795
11.5000000000,54.5000000000,0.0766455456,0.4736246019,0.4497298524
11.5000000000,55.5000000000,0.0708962919,0.4744386436,0.4546650645
11.5000000000,57.5000000000,0.1021807584,0.4759301075,0.4218891341
11.5000000000,58.5000000000,0.1537564235,0.4613862123,0.3848573642
11.5000000000,59.5000000000,0.2161510912,0.4176117496,0.3662371592
11.5000000000,60.5000000000,0.2730120299,0.3577199043,0.3692680658
11.5000000000,61.5000000000,0.3263537370,0.2704262450,0.4032200180
11.5000000000,62.5000000000,0.3296022020,0.2179693322,0.4524284658
11.5000000000,63.5000000000,0.2805368396,0.2461085139,0.4733546465
11.5000000000,64.5000000000,0.2576037131,0.2654037385,0.4769925484
11.5000000000,65.5000000000,0.2230013286,0.2777433288,0.4992553426
12.5000000000,37.5000000000,0.3718323897,0.1767030047,0.4514646056
12.5000000000,38.5000000000,0.3271575391,0.2326864783,0.4401559826
12.5000000000,41.5000000000,0.2261934174,0.4074319077,0.3663746749
12.5000000000,42.5000000000,0.2448003279,0.3372946256,0.4179050465
12.5000000000,43.5000000000,0.2574782066,0.3072449633,0.4352768301
12.5000000000,44.5000000000,0.2603076456,0.3439613591,0.3957309953
12.5000000000,45.5000000000,0.3279551039,0.3113995442,0.3606453519
12.5000000000,46.5000000000,0.6052989925,0.1236718133,0.2710291942
12.5000000000,47.5000000000,0.6657372925,0.1222215336,0.2120411739
12.5000000000,48.5000000000,0.5771951644,0.2249463401,0.1978584954
12.5000000000,49.5000000000,0.6119263965,0.2061828488,0.1818907547
12.5000000000,50.5000000000,0.5374439137,0.2538188186,0.2087372677
12.5000000000,51.5000000000,0.3305716767,0.3975802041,0.2718481192
12.5000000000,52.5000000000,0.2224894405,0.4360633979,0.3414471617
12.5000000000,53.5000000000,0.1395837753,0.4717318740,0.3886843507
12.5000000000,54.5000000000,0.0954413364,0.4698372231,0.4347214405
12.5000000000,55.5000000000,0.0789377228,0.4783676542,0.4426946229
12.5000000000,56.5000000000,0.0886783186,0.4870285527,0.4242931287
12.5000000000,57.5000000000,0.1246453410,0.4756228998,0.3997317592
12.5000000000,58.5000000000,0.1766990115,0.4686275806,0.3546734080
12.5000000000,59.5000000000,0.2479762627,0.4214751335,0.3305486038
12.5000000000,60.5000000000,0.3188918856,0.3519540967,0.3291540177
12.5000000000,61.5000000000,0.3720971550,0.2783233629,0.3495794821
12.5000000000,62.5000000000,0.3874872130,0.2338828848,0.3786299022
12.5000000000,63.5000000000,0.3491328065,0.2408344473,0.4100327462
12.5000000000,64.5000000000,0.3081930247,0.2616429416,0.4301640337
12.5000000000,65.5000000000,0.2615217539,0.2760442775,0.4624339686
12.5000000000,66.5000000000,0.2074080927,0.2999795741,0.4926123332
12.5000000000,67.5000000000,0.1826698882,0.3008530862,0.5164770256
13.5000000000,37.5000000000,0.3841849691,0.1771359353,0.4386790956
13.5000000000,38.5000000000,0.3089458165,0.2626209675,0.4284332159
13.5000000000,41.5000000000,0.2621159930,0.3495599403,0.3883240667
13.5000000000,42.5000000000,0.2988722477,0.2829461123,0.4181816401
13.5000000000,43.5000000000,0.2312998729,0.3570285651,0.4116715620
13.5000000000,44.5000000000,0.2708034013,0.3401519006,0.3890446981
13.5000000000,45.5000000000,0.3634530160,0.2894112843,0.3471356997
13.5000000000,46.5000000000,0.5979217094,0.1443778998,0.2577003908
13.5000000000,47.5000000000,0.7196176292,0.1037146701,0.1766677007
13.5000000000,48.5000000000,0.6832522512,0.1656221874,0.1511255614
13.5000000000,49.5000000000,0.6924253139,0.1654402482,0.1421344380
13.5000000000,50.5000000000,0.5978671180,0.2249699163,0.1771629658
13.5000000000,51.5000000000,0.3909800824,0.3620978785,0.2469220391
13.5000000000,52.5000000000,0.2626094815,0.4230484340,0.3143420845
13.5000000000,53.5000000000,0.1687971560,0.4731118960,0.3580909480
13.5000000000,54.5000000000,0.1217991859,0.4870821650,0.3911186491
13.5000000000,55.5000000000,0.1013786335,0.4988967784,0.3997245881
13.5000000000,56.5000000000,0.1191849523,0.4915207128,0.3892943348
13.5000000000,57.5000000000,0.1679821251,0.4588230511,0.3731948238
13.5000000000,58.5000000000,0.2210080426,0.4588298246,0.3201621328
13.5000000000,59.5000000000,0.2936947928,0.4222582885,0.2840469188
13.5000000000,60.5000000000,0.3759303362,0.3429631424,0.2811065214
13.5000000000,61.5000000000,0.4182416700,0.2851135878,0.2966447422
13.5000000000,62.5000000000,0.4338050878,0.2571799219,0.3090149903
13.5000000000,63.5000000000,0.4122181698,0.2567606791,0.3310211511
13.5000000000,64.5000000000,0.3801767354,0.2514550309,0.3683682337
13.5000000000,65.5000000000,0.3260624473,0.2533050187,0.4206325339
13.5000000000,66.5000000000,0.2425606253,0.2900984442,0.4673409304
13.5000000000,67.5000000000,0.1831366405,0.3302096173,0.4866537421
13.5000000000,68.5000000000,0.1638843512,0.3318733953,0.5042422535
14.5000000000,35.5000000000,0.3418535534,0.2020694356,0.4560770110
14.5000000000,36.5000000000,0.3388273454,0.2118780499,0.4492946048
14.5000000000,37.5000000000,0.3848168988,0.1819693624,0.4332137388
14.5000000000,38.5000000000,0.2954757448,0.2815922325,0.4229320226
14.5000000000,40.5000000000,0.2327457089,0.3844683516,0.3827859395
14.5000000000,41.5000000000,0.2734034899,0.3320770243,0.3945194857
14.5000000000,42.5000000000,0.2196283406,0.3911287990,0.3892428604
14.5000000000,44.5000000000,0.2896383265,0.3281963474,0.3821653261
14.5000000000,45.5000000000,0.4376756414,0.2244478458,0.3378765127
14.5000000000,46.5000000000,0.5720337733,0.1633046150,0.2646616116
14.5000000000,47.5000000000,0.7080798018,0.1064386858,0.1854815124
14.5000000000,48.5000000000,0.6814281471,0.1529441151,0.1656277379
14.5000000000,49.5000000000,0.6770803701,0.1677025301,0.1552170997
14.5000000000,50.5000000000,0.5818872612,0.2348137315,0.1832990073
14.5000000000,51.5000000000,0.4221728333,0.3362655471,0.2415616196
14.5000000000,52.5000000000,0.2894355202,0.4095620923,0.3010023875
14.5000000000,53.5000000000,0.2013033595,0.4492457512,0.3494508893
14.5000000000,54.5000000000,0.1417461193,0.4915971105,0.3666567702
14.5000000000,55.5000000000,0.1267406619,0.4998976797,0.3733616584
14.5000000000,56.5000000000,0.1501870676,0.4825851387,0.3672277937
14.5000000000,57.5000000000,0.2089882360,0.4362077075,0.3548040565
14.5000000000,58.5000000000,0.2732314626,0.4336288220,0.2931397154
14.5000000000,59.5000000000,0.3685439452,0.3861517056,0.2453043493
14.5000000000,60.5000000000,0.4343175381,0.3347725767,0.2309098852
14.5000000000,61.5000000000,0.4784329729,0.2878496895,0.2337173375
14.5000000000,62.5000000000,0.4784313240,0.2784645040,0.2431041720
14.5000000000,63.5000000000,0.4570626641,0.2818960740,0.2610412619
14.5000000000,64.5000000000,0.4360616485,0.2533331886,0.3106051629
14.5000000000,65.5000000000,0.3820281053,0.2424840446,0.3754878501
14.5000000000,66.5000000000,0.2974343217,0.2609705900,0.4415950883
14.5000000000,67.5000000000,0.1939396206,0.3506244192,0.4554359602
14.5000000000,68.5000000000,0.1653635875,0.3640424234,0.4705939891
15.5000000000,36.5000000000,0.3158888287,0.2365802065,0.4475309649
15.5000000000,37.5000000000,0.3116386912,0.2532089694,0.4351523395
15.5000000000,38.5000000000,0.2921898902,0.2882317160,0.4195783938
15.5000000000,39.5000000000,0.2384577250,0.3647485289,0.3967937461
15.5000000000,40.5000000000,0.2872557927,0.3145688746,0.3981753327
15.5000000000,41.5000000000,0.2342886929,0.3813302651,0.3843810420
15.5000000000,43.5000000000,0.2474958941,0.3662693562,0.3862347497
15.5000000000,44.5000000000,0.3734934958,0.2474730667,0.3790334375
15.5000000000,45.5000000000,0.4146718784,0.2432710431,0.3420570785
15.5000000000,46.5000000000,0.5142704608,0.1973065034,0.2884230358
15.5000000000,47.5000000000,0.6433882450,0.1316977008,0.2249140542
15.5000000000,48.5000000000,0.6298409801,0.1667087417,0.2034502781
15.5000000000,49.5000000000,0.6712561513,0.1581816351,0.1705622136
15.5000000000,50.5000000000,0.6207093203,0.2034870436,0.1758036361
15.5000000000,51.5000000000,0.4657131068,0.3013723056,0.2329145875
15.5000000000,52.5000000000,0.3310083465,0.3751352968,0.2938563567
15.5000000000,53.5000000000,0.2359886791,0.4228231400,0.3411881809
15.5000000000,54.5000000000,0.1742009897,0.4611701139,0.3646288965
15.5000000000,55.5000000000,0.1608071204,0.4647932578,0.3743996218
15.5000000000,56.5000000000,0.1914686510,0.4381458586,0.3703854905
15.5000000000,57.5000000000,0.2588725119,0.4053777639,0.3357497242
15.5000000000,58.5000000000,0.3186425512,0.4079099790,0.2734474699
15.5000000000,59.5000000000,0.3974386536,0.3766063912,0.2259549552
15.5000000000,60.5000000000,0.4774246795,0.3228280073,0.1997473133
15.5000000000,61.5000000000,0.5143729045,0.2924040749,0.1932230206
15.5000000000,62.5000000000,0.5183884444,0.2790461219,0.2025654336
15.5000000000,63.5000000000,0.4904015391,0.2847063455,0.2248921154
15.5000000000,64.5000000000,0.4493083136,0.2800806954,0.2706109910
15.5000000000,65.5000000000,0.4052827131,0.2635230356,0.3311942513
15.5000000000,66.5000000000,0.3493121467,0.2607672246,0.3899206287
15.5000000000,67.5000000000,0.2313029310,0.3517125275,0.4169845415
15.5000000000,68.5000000000,0.1786705877,0.3952198868,0.4261095255
15.5000000000,69.5000000000,0.1509580728,0.4212345494,0.4278073778
16.5000000000,37.5000000000,0.2769997916,0.2888245336,0.4341756748
16.5000000000,38.5000000000,0.2862837382,0.2956229006,0.4180933612
16.5000000000,39.5000000000,0.3063032843,0.2868686797,0.4068280359
16.5000000000,40.5000000000,0.2622104537,0.3479863845,0.3898031618
16.5000000000,41.5000000000,0.2248819963,0.4023517499,0.3727662538
16.5000000000,42.5000000000,0.2347793470,0.3917934586,0.3734271944
16.5000000000,43.5000000000,0.3092588907,0.3096826616,0.3810584478
16.5000000000,44.5000000000,0.4143035062,0.2205541802,0.3651423137
16.5000000000,45.5000000000,0.4038650271,0.2542773503,0.3418576227
16.5000000000,46.5000000000,0.4710105867,0.2200450369,0.3089443763
16.5000000000,47.5000000000,0.5263665106,0.1961970271,0.2774364623
16.5000000000,48.5000000000,0.5402663175,0.2066488234,0.2530848592
16.5000000000,49.5000000000,0.6287133270,0.1747943295,0.1964923435
16.5000000000,50.5000000000,0.6123640263,0.2015558327,0.1860801410
16.5000000000,51.5000000000,0.4490656127,0.3102397547,0.2406946326
16.5000000000,52.5000000000,0.3277061669,0.3724108397,0.2998829934
16.5000000000,53.5000000000,0.2621076046,0.3891710148,0.3487213806
16.5000000000,54.5000000000,0.2096889892,0.4082130776,0.3820979333
16.5000000000,56.5000000000,0.2102208280,0.4173311721,0.3724479999
16.5000000000,57.5000000000,0.2764561877,0.3956224278,0.3279213845
16.5000000000,58.5000000000,0.3509189312,0.3833337012,0.2657473676
16.5000000000,59.5000000000,0.4204487888,0.3580465231,0.2215046880
16.5000000000,60.5000000000,0.4925639775,0.3168968480,0.1905391746
16.5000000000,61.5000000000,0.5301176824,0.2947589322,0.1751233854
16.5000000000,62.5000000000,0.5421311059,0.2732365087,0.1846323853
16.5000000000,63.5000000000,0.5072642486,0.2861420398,0.2065937116
16.5000000000,64.5000000000,0.4671519441,0.2882154112,0.2446326447
16.5000000000,65.5000000000,0.4121934557,0.2923893390,0.2954172052
16.5000000000,66.5000000000,0.3684921919,0.2857076125,0.3458001955
16.5000000000,67.5000000000,0.3019171496,0.3153948388,0.3826880116
16.5000000000,68.5000000000,0.1954354828,0.4212589053,0.3833056119
16.5000000000,69.5000000000,0.1564019817,0.4596653335,0.3839326848
17.5000000000,38.5000000000,0.2612661866,0.3245058078,0.4142280056
17.5000000000,39.5000000000,0.2551569127,0.3516129713,0.3932301160
17.5000000000,40.5000000000,0.2476592859,0.3728404038,0.3795003104
17.5000000000,41.5000000000,0.2384589984,0.3948204056,0.3667205960
17.5000000000,42.5000000000,0.2630464698,0.3736632393,0.3632902908
17.5000000000,43.5000000000,0.3930463148,0.2436652303,0.3632884550
17.5000000000,44.5000000000,0.4211190424,0.2297284952,0.3491524624
17.5000000000,45.5000000000,0.4017489734,0.2637976803,0.3344533463
17.5000000000,46.5000000000,0.4569486542,0.2308280020,0.3122233438
17.5000000000,47.5000000000,0.4942999802,0.2172081692,0.2884918506
17.5000000000,48.5000000000,0.5085805239,0.2245975035,0.2668219726
17.5000000000,49.5000000000,0.5807559711,0.2047849900,0.2144590389
17.5000000000,50.5000000000,0.5503807465,0.2373953108,0.2122239427
17.5000000000,51.5000000000,0.4283852226,0.3123681435,0.2592466339
17.5000000000,52.5000000000,0.3112063866,0.3676358697,0.3211577437
17.5000000000,53.5000000000,0.2615726494,0.3795255402,0.3589018104
17.5000000000,54.5000000000,0.2219158093,0.3694637611,0.4086204296
17.5000000000,57.5000000000,0.2826463416,0.3793198717,0.3380337867
17.5000000000,58.5000000000,0.3553390860,0.3627030751,0.2819578389
17.5000000000,59.5000000000,0.4229671922,0.3404772494,0.2365555585
