Lon,Lat,C_KK10LonLatElev,B_KK10LonLatElev,U_KK10LonLatElev
-10.5000000000,51.5000000000,0.0698390944,0.3908993759,0.5392615296
-10.5000000000,52.5000000000,0.0532356548,0.3729549704,0.5738093748
-10.5000000000,53.5000000000,0.0425026528,0.3971036936,0.5603936537
-10.5000000000,54.5000000000,0.0626118831,0.3330987845,0.6042893324
-9.5000000000,38.5000000000,0.0851883775,0.1833785005,0.7314331220
-9.5000000000,39.5000000000,0.0854571507,0.1879942956,0.7265485537
-9.5000000000,42.5000000000,0.0764053164,0.2383315117,0.6852631720
-9.5000000000,43.5000000000,0.0708661535,0.2709017610,0.6582320854
-9.5000000000,51.5000000000,0.0715674377,0.4139183688,0.5145141935
-9.5000000000,52.5000000000,0.0601820889,0.3997405886,0.5400773225
-9.5000000000,53.5000000000,0.0549464368,0.3969104228,0.5481431403
-9.5000000000,54.5000000000,0.0624376659,0.3522620772,0.5853002569
-8.5000000000,37.5000000000,0.1010551466,0.1665574723,0.7323873810
-8.5000000000,38.5000000000,0.1079097468,0.1651626386,0.7269276146
-8.5000000000,39.5000000000,0.0985509067,0.1790417340,0.7224073593
-8.5000000000,40.5000000000,0.1002732345,0.1828513755,0.7168753900
-8.5000000000,41.5000000000,0.0983460397,0.1968463959,0.7048075645
-8.5000000000,42.5000000000,0.0939854729,0.2181150424,0.6878994847
-8.5000000000,43.5000000000,0.0805826293,0.2591440954,0.6602732753
-8.5000000000,51.5000000000,0.0590331735,0.4189958268,0.5219709997
-8.5000000000,52.5000000000,0.0543846091,0.4085737404,0.5370416506
-8.5000000000,53.5000000000,0.0549724507,0.4109665362,0.5340610130
-8.5000000000,54.5000000000,0.0630472004,0.3718490681,0.5651037315
-8.5000000000,55.5000000000,0.0521747136,0.3467385296,0.6010867567
-7.5000000000,37.5000000000,0.1115565925,0.1621107550,0.7263326525
-7.5000000000,38.5000000000,0.1191854494,0.1621849756,0.7186295750
-7.5000000000,39.5000000000,0.1252781644,0.1635500585,0.7111717771
-7.5000000000,40.5000000000,0.1318491721,0.1612203938,0.7069304342
-7.5000000000,41.5000000000,0.1258455887,0.1808148046,0.6933396067
-7.5000000000,42.5000000000,0.1192055976,0.1985967919,0.6821976105
-7.5000000000,43.5000000000,0.0922589892,0.2517067294,0.6560342814
-7.5000000000,51.5000000000,0.0340472382,0.4649273120,0.5010254497
-7.5000000000,52.5000000000,0.0533979454,0.4127222348,0.5338798198
-7.5000000000,53.5000000000,0.0564810566,0.4153900407,0.5281289027
-7.5000000000,54.5000000000,0.0665601505,0.3801240848,0.5533157646
-7.5000000000,55.5000000000,0.0612940427,0.3396492944,0.5990566629
-7.5000000000,57.5000000000,0.0469097273,0.2191253879,0.7339648848
-7.5000000000,58.5000000000,0.0505757397,0.1758483299,0.7735759304
-7.5000000000,62.5000000000,0.0714226542,0.1428618515,0.7857154943
-6.5000000000,35.5000000000,0.1540958660,0.1325790205,0.7133251135
-6.5000000000,36.5000000000,0.1344645972,0.1485707292,0.7169646736
-6.5000000000,37.5000000000,0.1425118078,0.1464496733,0.7110385189
-6.5000000000,38.5000000000,0.1580274760,0.1452801346,0.6966923894
-6.5000000000,39.5000000000,0.1519762657,0.1603217348,0.6877019995
-6.5000000000,40.5000000000,0.1634170614,0.1628755262,0.6737074124
-6.5000000000,41.5000000000,0.1492981010,0.1854274254,0.6652744736
-6.5000000000,42.5000000000,0.1656071177,0.1792123637,0.6551805186
-6.5000000000,43.5000000000,0.1013546230,0.2605451375,0.6381002395
-6.5000000000,52.5000000000,0.0500129254,0.3978898744,0.5520972002
-6.5000000000,53.5000000000,0.0498285557,0.4229173115,0.5272541328
-6.5000000000,54.5000000000,0.0614369917,0.3944879945,0.5440750138
-6.5000000000,55.5000000000,0.0573429270,0.3539446010,0.5887124720
-6.5000000000,56.5000000000,0.0483380298,0.2911630605,0.6604989097
-6.5000000000,57.5000000000,0.0511547101,0.2098035668,0.7390417231
-6.5000000000,58.5000000000,0.0495954201,0.1732600376,0.7771445423
-6.5000000000,61.5000000000,0.0640673281,0.1372308441,0.7987018277
-6.5000000000,62.5000000000,0.0717267991,0.1389275879,0.7893456130
-5.5000000000,35.5000000000,0.1926465012,0.1116249591,0.6957285398
-5.5000000000,36.5000000000,0.1705170263,0.1265965078,0.7028864660
-5.5000000000,37.5000000000,0.1641347358,0.1381202594,0.6977450047
-5.5000000000,38.5000000000,0.1776090643,0.1404973151,0.6818936206
-5.5000000000,39.5000000000,0.1784484329,0.1544581275,0.6670934395
-5.5000000000,40.5000000000,0.2181708695,0.1460984830,0.6357306475
-5.5000000000,41.5000000000,0.1741776783,0.1965526850,0.6292696367
-5.5000000000,42.5000000000,0.1757821628,0.2077179212,0.6164999160
-5.5000000000,43.5000000000,0.1126611471,0.2807866495,0.6065522034
-5.5000000000,50.5000000000,0.0497493938,0.3280629409,0.6221876653
-5.5000000000,51.5000000000,0.0498695354,0.3412918084,0.6088386563
-5.5000000000,54.5000000000,0.0533161394,0.3660386172,0.5806452434
-5.5000000000,55.5000000000,0.0525906862,0.3323249327,0.6150843811
-5.5000000000,56.5000000000,0.0555335469,0.2632017300,0.6812647231
-5.5000000000,57.5000000000,0.0605616495,0.1945422029,0.7448961476
-5.5000000000,58.5000000000,0.0483107406,0.1793213805,0.7723678789
-4.5000000000,35.5000000000,0.1974965075,0.1077020293,0.6948014633
-4.5000000000,36.5000000000,0.1753292736,0.1205736367,0.7040970897
-4.5000000000,37.5000000000,0.2014123007,0.1151012747,0.6834864246
-4.5000000000,38.5000000000,0.2125996017,0.1253380951,0.6620623031
-4.5000000000,39.5000000000,0.2218095581,0.1433181920,0.6348722499
-4.5000000000,40.5000000000,0.2688336908,0.1446632216,0.5865030876
-4.5000000000,41.5000000000,0.2237258528,0.1954331711,0.5808409761
-4.5000000000,42.5000000000,0.2071180416,0.2224766992,0.5704052592
-4.5000000000,43.5000000000,0.1282536075,0.2991094157,0.5726369768
-4.5000000000,47.5000000000,0.0434242674,0.2998389577,0.6567367749
-4.5000000000,48.5000000000,0.0453522366,0.2975240470,0.6571237164
-4.5000000000,50.5000000000,0.0455098627,0.2942406029,0.6602495344
-4.5000000000,51.5000000000,0.0439406746,0.3055214572,0.6505378682
-4.5000000000,52.5000000000,0.0464933636,0.3157145834,0.6377920530
-4.5000000000,53.5000000000,0.0481404625,0.3298915118,0.6219680257
-4.5000000000,54.5000000000,0.0446482755,0.3412316368,0.6141200877
-4.5000000000,55.5000000000,0.0522122222,0.3015688594,0.6462189183
-4.5000000000,56.5000000000,0.0690317190,0.2302517522,0.7007165288
-4.5000000000,57.5000000000,0.0647590872,0.1843419355,0.7508989773
-4.5000000000,58.5000000000,0.0549667957,0.1575230748,0.7875101295
-3.5000000000,35.5000000000,0.2099144125,0.0938332742,0.6962523133
-3.5000000000,36.5000000000,0.1907761572,0.1038133601,0.7054104827
-3.5000000000,37.5000000000,0.2665880196,0.0809583384,0.6524536420
-3.5000000000,38.5000000000,0.2367382635,0.1101027906,0.6531589460
-3.5000000000,39.5000000000,0.2504711874,0.1298394496,0.6196893630
-3.5000000000,40.5000000000,0.2727974980,0.1486413599,0.5785611421
-3.5000000000,41.5000000000,0.2877221538,0.1731539619,0.5391238843
-3.5000000000,42.5000000000,0.2288194476,0.2285503820,0.5426301703
-3.5000000000,43.5000000000,0.1243554927,0.3144851500,0.5611593573
-3.5000000000,47.5000000000,0.0445847898,0.2609477018,0.6944675084
-3.5000000000,48.5000000000,0.0415787640,0.2688300828,0.6895911532
-3.5000000000,50.5000000000,0.0404092255,0.2720858470,0.6875049276
-3.5000000000,51.5000000000,0.0420671732,0.2650288143,0.6929040124
-3.5000000000,52.5000000000,0.0485881441,0.2577639999,0.6936478560
-3.5000000000,53.5000000000,0.0452688322,0.2894841913,0.6652469765
-3.5000000000,54.5000000000,0.0494723451,0.2980589693,0.6524686856
-3.5000000000,55.5000000000,0.0560076727,0.2881864047,0.6558059226
-3.5000000000,56.5000000000,0.0618409091,0.2484308501,0.6897282408
-3.5000000000,57.5000000000,0.0632341746,0.1887928560,0.7479729694
-3.5000000000,58.5000000000,0.0540240764,0.1531341732,0.7928417504
-3.5000000000,59.5000000000,0.0518403482,0.1351137820,0.8130458698
-2.5000000000,35.5000000000,0.2067534492,0.0828345925,0.7104119583
-2.5000000000,36.5000000000,0.2047983702,0.0866182309,0.7085833988
-2.5000000000,37.5000000000,0.2688885817,0.0658471079,0.6652643104
-2.5000000000,38.5000000000,0.2818402544,0.0805738002,0.6375859454
-2.5000000000,39.5000000000,0.2705260908,0.1082772514,0.6211966578
-2.5000000000,40.5000000000,0.2900005045,0.1284890643,0.5815104312
-2.5000000000,41.5000000000,0.2969910745,0.1594954973,0.5435134283
-2.5000000000,42.5000000000,0.2273298673,0.2324301530,0.5402399797
-2.5000000000,43.5000000000,0.1250706789,0.3263364100,0.5485929111
-2.5000000000,46.5000000000,0.0556861098,0.2960164532,0.6482974370
-2.5000000000,47.5000000000,0.0457295928,0.2658439784,0.6884264288
-2.5000000000,48.5000000000,0.0395671679,0.2738877377,0.6865450944
-2.5000000000,49.5000000000,0.0406577409,0.2712422843,0.6880999748
-2.5000000000,50.5000000000,0.0366522322,0.2739726995,0.6893750684
-2.5000000000,51.5000000000,0.0353667493,0.2620301290,0.7026031217
-2.5000000000,52.5000000000,0.0364745514,0.2515012017,0.7120242468
-2.5000000000,53.5000000000,0.0407901207,0.2623395949,0.6968702845
-2.5000000000,54.5000000000,0.0543063686,0.2522286236,0.6934650078
-2.5000000000,55.5000000000,0.0538122745,0.2668303231,0.6793574024
-2.5000000000,56.5000000000,0.0514054971,0.2633510137,0.6852434891
-2.5000000000,57.5000000000,0.0548700883,0.2078425843,0.7372873274
-2.5000000000,58.5000000000,0.0500486929,0.1628236455,0.7871276615
-1.5000000000,35.5000000000,0.1540655077,0.0848852152,0.7610492771
-1.5000000000,36.5000000000,0.1913955562,0.0725649465,0.7360394973
-1.5000000000,37.5000000000,0.1857818641,0.0736284390,0.7405896970
-1.5000000000,38.5000000000,0.2386380359,0.0758792903,0.6854826738
-1.5000000000,39.5000000000,0.2648351289,0.0912297454,0.6439351258
-1.5000000000,40.5000000000,0.3275307883,0.0948559554,0.5776132563
-1.5000000000,41.5000000000,0.2603363022,0.1594539894,0.5802097084
-1.5000000000,42.5000000000,0.2173698238,0.2263508455,0.5562793307
-1.5000000000,43.5000000000,0.1635686354,0.2908118332,0.5456195314
-1.5000000000,44.5000000000,0.1322564882,0.3157894118,0.5519540999
-1.5000000000,45.5000000000,0.0985366083,0.3196535191,0.5818098727
-1.5000000000,46.5000000000,0.0754332702,0.3006752832,0.6238914466
-1.5000000000,47.5000000000,0.0567142647,0.2847552187,0.6585305166
-1.5000000000,48.5000000000,0.0458913779,0.2854239043,0.6686847178
-1.5000000000,49.5000000000,0.0391303254,0.2903271573,0.6705425173
-1.5000000000,50.5000000000,0.0382675305,0.2802806908,0.6814517787
-1.5000000000,51.5000000000,0.0361755780,0.2586589720,0.7051654500
-1.5000000000,52.5000000000,0.0348694250,0.2457798513,0.7193507237
-1.5000000000,53.5000000000,0.0394129374,0.2396533198,0.7209337427
-1.5000000000,54.5000000000,0.0428478130,0.2420602036,0.7150919833
-1.5000000000,55.5000000000,0.0487465956,0.2480810712,0.7031723332
-1.5000000000,57.5000000000,0.0432718972,0.2256644272,0.7310636756
-1.5000000000,59.5000000000,0.0554668489,0.1427158877,0.8018172634
-1.5000000000,60.5000000000,0.0583756361,0.1300291234,0.8115952405
-0.5000000000,35.5000000000,0.1615805574,0.0703344474,0.7680849953
-0.5000000000,37.5000000000,0.1668362640,0.0753431112,0.7578206248
-0.5000000000,38.5000000000,0.2052802294,0.0772969276,0.7174228430
-0.5000000000,39.5000000000,0.2165897981,0.0990787438,0.6843314581
-0.5000000000,40.5000000000,0.3103489064,0.0906770173,0.5989740762
-0.5000000000,41.5000000000,0.2606958737,0.1449143654,0.5943897608
-0.5000000000,42.5000000000,0.3384370605,0.1527899220,0.5087730175
-0.5000000000,43.5000000000,0.2044468355,0.2798854029,0.5156677616
-0.5000000000,44.5000000000,0.1681702191,0.3176697551,0.5141600258
-0.5000000000,45.5000000000,0.1165988327,0.3456933263,0.5377078410
-0.5000000000,46.5000000000,0.0934310051,0.3213561400,0.5852128549
-0.5000000000,47.5000000000,0.0658095609,0.3120688916,0.6221215475
-0.5000000000,48.5000000000,0.0556101608,0.2908078952,0.6535819440
-0.5000000000,49.5000000000,0.0412242515,0.2894434333,0.6693323152
-0.5000000000,50.5000000000,0.0392490235,0.2769674419,0.6837835346
-0.5000000000,51.5000000000,0.0379260625,0.2586616183,0.7034123193
-0.5000000000,52.5000000000,0.0351677163,0.2480940094,0.7167382743
-0.5000000000,53.5000000000,0.0348526530,0.2510025315,0.7141448155
-0.5000000000,54.5000000000,0.0394637448,0.2440176999,0.7165185552
-0.5000000000,60.5000000000,0.0641570653,0.1461420773,0.7897008574
0.5000000000,35.5000000000,0.1900197155,0.0588949679,0.7510853166
0.5000000000,36.5000000000,0.1656479520,0.0702108989,0.7641411491
0.5000000000,38.5000000000,0.1888614362,0.0840236525,0.7271149113
0.5000000000,40.5000000000,0.2374942365,0.1272159857,0.6352897778
0.5000000000,41.5000000000,0.2731072892,0.1543444971,0.5725482138
0.5000000000,42.5000000000,0.4374163346,0.1236845457,0.4388991198
0.5000000000,43.5000000000,0.2477970025,0.2771181719,0.4750848256
0.5000000000,44.5000000000,0.2046103959,0.3356746119,0.4597149922
0.5000000000,45.5000000000,0.1678860682,0.3416496436,0.4904642882
0.5000000000,46.5000000000,0.1145708703,0.3337499046,0.5516792251
0.5000000000,47.5000000000,0.0769080727,0.3070550894,0.6160368379
0.5000000000,48.5000000000,0.0601877393,0.2672121407,0.6726001200
0.5000000000,49.5000000000,0.0442894716,0.2674799662,0.6882305622
0.5000000000,50.5000000000,0.0407756757,0.2741673668,0.6850569575
0.5000000000,51.5000000000,0.0406139053,0.2689484512,0.6904376435
0.5000000000,52.5000000000,0.0405238439,0.2616994516,0.6977767045
0.5000000000,53.5000000000,0.0387449863,0.2709698152,0.6902851984
1.5000000000,35.5000000000,0.2518378242,0.0463222897,0.7018398861
1.5000000000,36.5000000000,0.1831908025,0.0679515079,0.7488576896
1.5000000000,38.5000000000,0.2037999906,0.0858535549,0.7103464545
1.5000000000,39.5000000000,0.2314510836,0.1056092556,0.6629396607
1.5000000000,41.5000000000,0.3245212625,0.1525563927,0.5229223449
1.5000000000,42.5000000000,0.5322252763,0.1079997457,0.3597749779
1.5000000000,43.5000000000,0.3279727846,0.2761711189,0.3958560965
1.5000000000,44.5000000000,0.2957936385,0.3221459094,0.3820604521
1.5000000000,45.5000000000,0.2687864163,0.3078197966,0.4233937872
1.5000000000,46.5000000000,0.1614689084,0.3225813381,0.5159497534
1.5000000000,47.5000000000,0.0947402183,0.2964147340,0.6088450477
1.5000000000,48.5000000000,0.0604302372,0.2552859055,0.6842838573
1.5000000000,49.5000000000,0.0486015919,0.2529002993,0.6984981088
1.5000000000,50.5000000000,0.0444979858,0.2818374289,0.6736645854
1.5000000000,51.5000000000,0.0453083890,0.2981807461,0.6565108649
1.5000000000,52.5000000000,0.0473237803,0.3043367865,0.6483394332
2.5000000000,35.5000000000,0.2788000629,0.0468383203,0.6743616168
2.5000000000,36.5000000000,0.2014114142,0.0700821439,0.7285064419
2.5000000000,39.5000000000,0.2536776336,0.1109751616,0.6353472049
2.5000000000,41.5000000000,0.3435041910,0.1590587853,0.4974370236
2.5000000000,42.5000000000,0.4499245911,0.1581195972,0.3919558117
2.5000000000,43.5000000000,0.4116019024,0.2387940916,0.3496040060
2.5000000000,44.5000000000,0.4528841833,0.2432532972,0.3038625195
2.5000000000,45.5000000000,0.4094550195,0.2433175086,0.3472274720
2.5000000000,46.5000000000,0.2023003708,0.3277714324,0.4699281968
2.5000000000,47.5000000000,0.1152049419,0.3128027765,0.5719922816
2.5000000000,48.5000000000,0.0692104761,0.2825811988,0.6482083252
2.5000000000,49.5000000000,0.0560114568,0.2787419037,0.6652466395
2.5000000000,50.5000000000,0.0517833326,0.3222372081,0.6259794593
2.5000000000,51.5000000000,0.0446665315,0.3789030493,0.5764304191
3.5000000000,35.5000000000,0.2974894088,0.0504104743,0.6521001168
3.5000000000,36.5000000000,0.2285995556,0.0719544455,0.6994459989
3.5000000000,39.5000000000,0.2737103730,0.1147651060,0.6115245210
3.5000000000,40.5000000000,0.2804524375,0.1484821710,0.5710653915
3.5000000000,41.5000000000,0.3302264749,0.1715964557,0.4981770694
3.5000000000,42.5000000000,0.3402415607,0.2228311780,0.4369272613
3.5000000000,43.5000000000,0.3559539947,0.2662442960,0.3778017093
3.5000000000,44.5000000000,0.4908024237,0.1996758683,0.3095217079
3.5000000000,45.5000000000,0.3962049301,0.2553058200,0.3484892499
3.5000000000,46.5000000000,0.2291298481,0.3389257320,0.4319444199
3.5000000000,47.5000000000,0.1345228916,0.3553512144,0.5101258940
3.5000000000,48.5000000000,0.0948212842,0.3421824522,0.5629962636
3.5000000000,49.5000000000,0.0777463347,0.3494481295,0.5728055358
3.5000000000,50.5000000000,0.0609271728,0.4160252457,0.5230475816
3.5000000000,51.5000000000,0.0572272626,0.4707433505,0.4720293869
4.5000000000,35.5000000000,0.3071372270,0.0576564907,0.6352062823
4.5000000000,36.5000000000,0.2696788495,0.0709962455,0.6593249050
4.5000000000,39.5000000000,0.2572695607,0.1205653139,0.6221651254
4.5000000000,40.5000000000,0.2810937269,0.1485790625,0.5703272105
4.5000000000,43.5000000000,0.3294530038,0.2641397794,0.4064072168
4.5000000000,44.5000000000,0.3812093653,0.2574562260,0.3613344086
4.5000000000,45.5000000000,0.3763186979,0.2717684456,0.3519128566
4.5000000000,46.5000000000,0.2547573222,0.3488907509,0.3963519269
4.5000000000,47.5000000000,0.1794316909,0.3765705309,0.4439977782
4.5000000000,48.5000000000,0.1314142791,0.3981251123,0.4704606087
4.5000000000,49.5000000000,0.1087402979,0.4231793537,0.4680803483
4.5000000000,50.5000000000,0.0711770830,0.5201395677,0.4086833493
4.5000000000,51.5000000000,0.0685462568,0.5751872556,0.3562664875
4.5000000000,52.5000000000,0.0645957663,0.6069023616,0.3285018720
4.5000000000,53.5000000000,0.0705662692,0.5710587203,0.3583750105
4.5000000000,60.5000000000,0.0921719357,0.2829710211,0.6248570432
4.5000000000,61.5000000000,0.1148809819,0.2538505547,0.6312684634
5.5000000000,35.5000000000,0.3417253808,0.0592312560,0.5990433632
5.5000000000,36.5000000000,0.2927983748,0.0750626799,0.6321389453
5.5000000000,43.5000000000,0.3443780576,0.2305277038,0.4250942386
5.5000000000,44.5000000000,0.4684042713,0.1858712204,0.3457245083
5.5000000000,45.5000000000,0.3963205171,0.2634429182,0.3402365648
5.5000000000,46.5000000000,0.3163371791,0.3264680338,0.3571947871
5.5000000000,47.5000000000,0.2230496804,0.3920397062,0.3849106134
5.5000000000,48.5000000000,0.1801253938,0.4198244839,0.4000501223
5.5000000000,49.5000000000,0.1367813359,0.4752300187,0.3879886454
5.5000000000,50.5000000000,0.0956031919,0.5732544958,0.3311423123
5.5000000000,51.5000000000,0.0816708758,0.6516073573,0.2667217668
5.5000000000,52.5000000000,0.0761485908,0.6873741390,0.2364772702
5.5000000000,53.5000000000,0.0680393468,0.6571068531,0.2748538001
5.5000000000,58.5000000000,0.0888493026,0.3286994082,0.5824512892
5.5000000000,59.5000000000,0.1028722119,0.2978123196,0.5993154685
5.5000000000,60.5000000000,0.1349264415,0.2641227434,0.6009508151
5.5000000000,61.5000000000,0.1600163629,0.2380104142,0.6019732229
5.5000000000,62.5000000000,0.1445291824,0.2587901901,0.5966806275
6.5000000000,35.5000000000,0.3839623339,0.0582780932,0.5577595729
6.5000000000,36.5000000000,0.2924047538,0.0880423112,0.6195529350
6.5000000000,37.5000000000,0.2233946950,0.1258729798,0.6507323253
6.5000000000,43.5000000000,0.3567614888,0.2039112627,0.4393272485
6.5000000000,44.5000000000,0.6311944256,0.0931183023,0.2756872721
6.5000000000,45.5000000000,0.6422259936,0.1100977397,0.2476762667
6.5000000000,46.5000000000,0.4418945298,0.2460889915,0.3120164787
6.5000000000,47.5000000000,0.3252246046,0.3332876963,0.3414876991
6.5000000000,48.5000000000,0.2323682082,0.4080961536,0.3595356383
6.5000000000,49.5000000000,0.1597787390,0.4977219173,0.3424993437
6.5000000000,50.5000000000,0.1392591470,0.5597915032,0.3009493498
6.5000000000,51.5000000000,0.0878620121,0.6917351578,0.2204028301
6.5000000000,52.5000000000,0.0923869010,0.7194192738,0.1881938252
6.5000000000,53.5000000000,0.0789000658,0.6695294670,0.2515704672
6.5000000000,58.5000000000,0.1238747790,0.3028548558,0.5732703652
6.5000000000,59.5000000000,0.1726284232,0.2395763281,0.5877952487
6.5000000000,60.5000000000,0.2014827747,0.2228642589,0.5756529664
6.5000000000,61.5000000000,0.2115259398,0.2233616082,0.5651124519
6.5000000000,62.5000000000,0.1764848477,0.2608753456,0.5626398067
7.5000000000,35.5000000000,0.3789079534,0.0685034326,0.5525886139
7.5000000000,36.5000000000,0.2908794030,0.1019596056,0.6071609914
7.5000000000,37.5000000000,0.2005982630,0.1571522313,0.6422495057
7.5000000000,43.5000000000,0.3256721761,0.2368944305,0.4374333935
7.5000000000,44.5000000000,0.4893849481,0.1615347755,0.3490802764
7.5000000000,45.5000000000,0.6084940647,0.1184472705,0.2730586647
7.5000000000,46.5000000000,0.5764454699,0.1480342110,0.2755203191
7.5000000000,47.5000000000,0.3307842094,0.3298742015,0.3393415891
7.5000000000,48.5000000000,0.2582038462,0.3937079132,0.3480882406
7.5000000000,49.5000000000,0.2042061190,0.4638845750,0.3319093059
7.5000000000,50.5000000000,0.1498587652,0.5576021468,0.2925390880
7.5000000000,51.5000000000,0.1197190122,0.6282363048,0.2520446830
7.5000000000,52.5000000000,0.1052473239,0.6509877831,0.2437648930
7.5000000000,53.5000000000,0.0882951565,0.6018534802,0.3098513632
7.5000000000,58.5000000000,0.1412238472,0.3190739473,0.5397022054
7.5000000000,59.5000000000,0.2286061119,0.2369687939,0.5344250941
7.5000000000,60.5000000000,0.2789823938,0.2065659769,0.5144516293
7.5000000000,61.5000000000,0.2712567531,0.2172796261,0.5114636209
7.5000000000,62.5000000000,0.2349054080,0.2459904914,0.5191041006
7.5000000000,63.5000000000,0.1672915056,0.3044182626,0.5282902318
8.5000000000,35.5000000000,0.3472922610,0.0883657957,0.5643419433
8.5000000000,36.5000000000,0.2748246785,0.1227189783,0.6024563432
8.5000000000,37.5000000000,0.2092074237,0.1730101097,0.6177824666
8.5000000000,38.5000000000,0.2417043549,0.1742864213,0.5840092237
8.5000000000,39.5000000000,0.2653908531,0.1846755824,0.5499335644
8.5000000000,40.5000000000,0.2861617173,0.2017261733,0.5121121094
8.5000000000,41.5000000000,0.2870173887,0.2346834462,0.4782991651
8.5000000000,42.5000000000,0.3217587920,0.2373005912,0.4409406167
8.5000000000,43.5000000000,0.3104889160,0.2662576714,0.4232534126
8.5000000000,44.5000000000,0.3497275508,0.2517484666,0.3985239826
8.5000000000,45.5000000000,0.3434931003,0.2615023228,0.3950045769
8.5000000000,46.5000000000,0.5698890633,0.1257958359,0.3043151008
8.5000000000,47.5000000000,0.3034176164,0.3192834667,0.3772989169
8.5000000000,48.5000000000,0.2746098165,0.3594785426,0.3659116409
8.5000000000,49.5000000000,0.1835012523,0.4843292941,0.3321694536
8.5000000000,50.5000000000,0.1661702458,0.5261634782,0.3076662760
8.5000000000,51.5000000000,0.1443167529,0.5541958967,0.3014873504
8.5000000000,52.5000000000,0.1018823447,0.5787915810,0.3193260743
8.5000000000,53.5000000000,0.0851205107,0.5141912864,0.4006882029
8.5000000000,54.5000000000,0.0656418911,0.4666851882,0.4676729207
8.5000000000,55.5000000000,0.0667874260,0.4132021395,0.5200104345
8.5000000000,56.5000000000,0.0685415679,0.3880407128,0.5434177194
8.5000000000,57.5000000000,0.0749239228,0.4061058262,0.5189702510
8.5000000000,58.5000000000,0.1208610211,0.3728040045,0.5063349745
8.5000000000,59.5000000000,0.2104648631,0.3000949025,0.4894402344
8.5000000000,60.5000000000,0.2846420376,0.2534867816,0.4618711808
8.5000000000,61.5000000000,0.3353070214,0.2182959871,0.4463969915
8.5000000000,62.5000000000,0.2983956338,0.2382055065,0.4633988597
8.5000000000,63.5000000000,0.1927384251,0.3147329747,0.4925286002
9.5000000000,35.5000000000,0.2907866573,0.1217776376,0.5874357051
9.5000000000,36.5000000000,0.2633556677,0.1419877933,0.5946565390
9.5000000000,37.5000000000,0.2218356231,0.1826938188,0.5954705581
9.5000000000,39.5000000000,0.2713898513,0.1997377721,0.5288723766
9.5000000000,40.5000000000,0.2897472378,0.2194104377,0.4908423245
9.5000000000,41.5000000000,0.2961149752,0.2505529584,0.4533320664
9.5000000000,42.5000000000,0.3539678667,0.2375605652,0.4084715681
9.5000000000,44.5000000000,0.3692509205,0.2457429020,0.3850061775
9.5000000000,45.5000000000,0.3152101424,0.2750709068,0.4097189507
9.5000000000,46.5000000000,0.5735557603,0.1153680482,0.3110761915
9.5000000000,47.5000000000,0.3443869049,0.2786717382,0.3769413569
9.5000000000,48.5000000000,0.2546274052,0.3813108322,0.3640617626
9.5000000000,49.5000000000,0.2167869013,0.4531435815,0.3300695172
9.5000000000,50.5000000000,0.2026577471,0.4815489404,0.3157933125
9.5000000000,51.5000000000,0.1448978203,0.5302636540,0.3248385257
9.5000000000,52.5000000000,0.1073755588,0.5248600809,0.3677643602
9.5000000000,53.5000000000,0.0888661493,0.4601383997,0.4509954510
9.5000000000,54.5000000000,0.0732043586,0.4049447891,0.5218508523
9.5000000000,55.5000000000,0.0657287536,0.3984796704,0.5357915761
9.5000000000,56.5000000000,0.0739080218,0.3858121978,0.5402797804
9.5000000000,57.5000000000,0.0819940926,0.4206508471,0.4973550602
9.5000000000,58.5000000000,0.1007001022,0.4468985631,0.4524013347
9.5000000000,59.5000000000,0.1669022004,0.3998289931,0.4332688065
9.5000000000,60.5000000000,0.2566255591,0.3370734181,0.4063010229
9.5000000000,61.5000000000,0.3239351516,0.2801823143,0.3958825341
9.5000000000,62.5000000000,0.3404556837,0.2461763843,0.4133679319
9.5000000000,63.5000000000,0.2124232111,0.3248132695,0.4627635194
10.5000000000,35.5000000000,0.2656666046,0.1476099251,0.5867234704
10.5000000000,36.5000000000,0.2478308411,0.1652429562,0.5869262027
10.5000000000,37.5000000000,0.2491199618,0.1795804828,0.5712995554
10.5000000000,42.5000000000,0.2669282163,0.3180957758,0.4149760079
10.5000000000,43.5000000000,0.3029138359,0.2976855250,0.3994006391
10.5000000000,44.5000000000,0.3722092828,0.2519058959,0.3758848213
10.5000000000,45.5000000000,0.3327725362,0.2610496664,0.4061777974
10.5000000000,46.5000000000,0.6245367932,0.0908441666,0.2846190402
10.5000000000,47.5000000000,0.4937583037,0.1855529495,0.3206887468
10.5000000000,48.5000000000,0.3186478258,0.3525091846,0.3288429896
10.5000000000,49.5000000000,0.3071843853,0.3941969712,0.2986186435
10.5000000000,50.5000000000,0.2788713391,0.4237139657,0.2974146952
10.5000000000,51.5000000000,0.2049288445,0.4627856485,0.3322855070
10.5000000000,52.5000000000,0.1365507937,0.4779713716,0.3854778347
10.5000000000,53.5000000000,0.1037166306,0.4383164109,0.4579669585
10.5000000000,54.5000000000,0.0747572299,0.4193965296,0.5058462405
10.5000000000,55.5000000000,0.0642661971,0.4397737686,0.4959600343
10.5000000000,56.5000000000,0.0732953903,0.4409330635,0.4857715462
10.5000000000,57.5000000000,0.0917747797,0.4557982598,0.4524269605
10.5000000000,59.5000000000,0.1388825620,0.4903172406,0.3708001974
10.5000000000,60.5000000000,0.2329955814,0.4161723550,0.3508320636
10.5000000000,61.5000000000,0.3230141976,0.3250017746,0.3519840278
10.5000000000,62.5000000000,0.3268623330,0.2912606768,0.3818769902
10.5000000000,63.5000000000,0.2294701920,0.3387276775,0.4318021304
10.5000000000,64.5000000000,0.2035089018,0.3388386324,0.4576524658
11.5000000000,35.5000000000,0.2480961679,0.1681046984,0.5837991337
11.5000000000,36.5000000000,0.2209077034,0.1933203606,0.5857719360
11.5000000000,42.5000000000,0.2560460799,0.3054454302,0.4385084899
11.5000000000,43.5000000000,0.3014074498,0.2739223336,0.4246702166
11.5000000000,44.5000000000,0.2868905023,0.3027010807,0.4104084170
11.5000000000,45.5000000000,0.3235421896,0.2814863333,0.3949714770
11.5000000000,46.5000000000,0.5907923052,0.1294082601,0.2797994347
11.5000000000,47.5000000000,0.5728440596,0.1699342814,0.2572216591
11.5000000000,48.5000000000,0.4204352883,0.3141607804,0.2654039313
11.5000000000,49.5000000000,0.4393409464,0.3217568769,0.2389021768
11.5000000000,50.5000000000,0.4097656287,0.3414602358,0.2487741355
11.5000000000,51.5000000000,0.2330886886,0.4569016032,0.3100097081
11.5000000000,52.5000000000,0.1598485254,0.4675288330,0.3726226416
11.5000000000,53.5000000000,0.1223108778,0.4428624410,0.4348266812
11.5000000000,54.5000000000,0.0752493203,0.4691124879,0.4556381918
11.5000000000,55.5000000000,0.0672326882,0.4933508254,0.4394164863
11.5000000000,57.5000000000,0.0820047454,0.5274663928,0.3905288618
11.5000000000,58.5000000000,0.1165242529,0.5264428009,0.3570329461
11.5000000000,59.5000000000,0.1663485239,0.4984084553,0.3352430208
11.5000000000,60.5000000000,0.2326024747,0.4478472348,0.3195502905
11.5000000000,61.5000000000,0.3128648811,0.3583854915,0.3287496273
11.5000000000,62.5000000000,0.3394892151,0.3028261773,0.3576846076
11.5000000000,63.5000000000,0.2590599106,0.3340012416,0.4069388478
11.5000000000,64.5000000000,0.2143158933,0.3505870850,0.4350970218
11.5000000000,65.5000000000,0.1842899143,0.3548656225,0.4608444631
12.5000000000,37.5000000000,0.2518416421,0.2006235322,0.5475348258
12.5000000000,38.5000000000,0.2324773994,0.2393740590,0.5281485416
12.5000000000,41.5000000000,0.1976252211,0.3427597973,0.4596149816
12.5000000000,42.5000000000,0.2332619431,0.2952625970,0.4714754599
12.5000000000,43.5000000000,0.2537122504,0.2825370166,0.4637507330
12.5000000000,44.5000000000,0.2417452475,0.3319581691,0.4262965834
12.5000000000,45.5000000000,0.3022871315,0.3171979693,0.3805148993
12.5000000000,46.5000000000,0.6303422289,0.1324606085,0.2371971625
12.5000000000,47.5000000000,0.6705992373,0.1399948713,0.1894058914
12.5000000000,48.5000000000,0.5147415782,0.2783372146,0.2069212073
12.5000000000,49.5000000000,0.5904934058,0.2325331266,0.1769734676
12.5000000000,50.5000000000,0.5025227312,0.2860175318,0.2114597370
12.5000000000,51.5000000000,0.2917141148,0.4181311337,0.2901547515
12.5000000000,52.5000000000,0.2348324602,0.4022176101,0.3629499297
12.5000000000,53.5000000000,0.1538591398,0.4260467267,0.4200941335
12.5000000000,54.5000000000,0.1083440754,0.4371273233,0.4545286013
12.5000000000,55.5000000000,0.0767825787,0.4993381033,0.4238793180
12.5000000000,56.5000000000,0.0865379045,0.5146983320,0.3987637635
12.5000000000,57.5000000000,0.1146350906,0.5233763534,0.3619885559
12.5000000000,58.5000000000,0.1383156927,0.5436174912,0.3180668160
12.5000000000,59.5000000000,0.1943645015,0.5107082824,0.2949272161
12.5000000000,60.5000000000,0.2719964167,0.4416999838,0.2863035995
12.5000000000,61.5000000000,0.3440684808,0.3591074345,0.2968240847
12.5000000000,62.5000000000,0.3720122170,0.3039799050,0.3240078780
12.5000000000,63.5000000000,0.3173523618,0.3127667923,0.3698808459
12.5000000000,64.5000000000,0.2616434851,0.3341833153,0.4041731996
12.5000000000,65.5000000000,0.2212476391,0.3437042185,0.4350481425
12.5000000000,66.5000000000,0.1759673420,0.3612411496,0.4627915084
12.5000000000,67.5000000000,0.1673200809,0.3553530222,0.4773268970
13.5000000000,37.5000000000,0.2828373667,0.1929968503,0.5241657831
13.5000000000,38.5000000000,0.2240676525,0.2574562930,0.5184760545
13.5000000000,41.5000000000,0.2412855205,0.2946534705,0.4640610089
13.5000000000,42.5000000000,0.2955584038,0.2470497245,0.4573918718
13.5000000000,43.5000000000,0.2193424447,0.3226493760,0.4580081793
13.5000000000,44.5000000000,0.2765703119,0.3069104510,0.4165192371
13.5000000000,45.5000000000,0.3609396548,0.2860461629,0.3530141823
13.5000000000,46.5000000000,0.6148860972,0.1570926312,0.2280212716
13.5000000000,47.5000000000,0.7330372430,0.1188155359,0.1481472211
13.5000000000,48.5000000000,0.6389998046,0.2062882734,0.1547119220
13.5000000000,49.5000000000,0.6733841728,0.1865683669,0.1400474603
13.5000000000,50.5000000000,0.5627760195,0.2524059510,0.1848180295
13.5000000000,51.5000000000,0.3603470515,0.3723519504,0.2673009981
13.5000000000,52.5000000000,0.2802853016,0.3802353656,0.3394793327
13.5000000000,53.5000000000,0.1803429516,0.4180927604,0.4015642879
13.5000000000,54.5000000000,0.1405055977,0.4199451216,0.4395492807
13.5000000000,55.5000000000,0.0987720815,0.4978252512,0.4034026673
13.5000000000,56.5000000000,0.1252367385,0.5082688047,0.3664944569
13.5000000000,57.5000000000,0.1676419824,0.5027912195,0.3295667981
13.5000000000,58.5000000000,0.1805674444,0.5387767058,0.2806558498
13.5000000000,59.5000000000,0.2237128579,0.5269398173,0.2493473248
13.5000000000,60.5000000000,0.3165471472,0.4433299829,0.2401228699
13.5000000000,61.5000000000,0.3759807980,0.3726740265,0.2513451755
13.5000000000,62.5000000000,0.3905628954,0.3360208209,0.2734162837
13.5000000000,63.5000000000,0.3556680346,0.3355974959,0.3087344694
13.5000000000,64.5000000000,0.3251805845,0.3226589333,0.3521604822
13.5000000000,65.5000000000,0.2858762945,0.3154670947,0.3986566109
13.5000000000,66.5000000000,0.2144500700,0.3430731350,0.4424767951
13.5000000000,67.5000000000,0.1671230942,0.3760059486,0.4568709572
13.5000000000,68.5000000000,0.1579291172,0.3790209953,0.4630498874
14.5000000000,35.5000000000,0.2720533198,0.1865843100,0.5413623702
14.5000000000,36.5000000000,0.2400924943,0.2168820697,0.5430254359
14.5000000000,37.5000000000,0.3068913806,0.1865655357,0.5065430837
14.5000000000,38.5000000000,0.2392980334,0.2582909735,0.5024109931
14.5000000000,40.5000000000,0.2149825747,0.3221769496,0.4628404757
14.5000000000,41.5000000000,0.2718358898,0.2771402031,0.4510239071
14.5000000000,42.5000000000,0.2049390485,0.3405665285,0.4544944230
14.5000000000,44.5000000000,0.2916223443,0.3010688072,0.4073088484
14.5000000000,45.5000000000,0.4522898892,0.2217882670,0.3259218437
14.5000000000,46.5000000000,0.5827534297,0.1765723315,0.2406742389
14.5000000000,47.5000000000,0.7222108503,0.1205668535,0.1572222962
14.5000000000,48.5000000000,0.6502451137,0.1873347225,0.1624201638
14.5000000000,49.5000000000,0.6535969556,0.1931751813,0.1532278631
14.5000000000,50.5000000000,0.5333374759,0.2726633159,0.1939992082
14.5000000000,51.5000000000,0.3943588618,0.3510134993,0.2546276389
14.5000000000,52.5000000000,0.3013842092,0.3761764806,0.3224393102
14.5000000000,53.5000000000,0.2200978305,0.3911839352,0.3887182343
14.5000000000,54.5000000000,0.1688549502,0.4142560761,0.4168889737
14.5000000000,55.5000000000,0.1170799513,0.4991701186,0.3837499301
14.5000000000,56.5000000000,0.1505481300,0.5058267520,0.3436251180
14.5000000000,57.5000000000,0.2037524220,0.4975253773,0.2987222007
14.5000000000,58.5000000000,0.2203084449,0.5355963644,0.2440951907
14.5000000000,59.5000000000,0.2820228329,0.5112361254,0.2067410418
14.5000000000,60.5000000000,0.3514365638,0.4568271919,0.1917362442
14.5000000000,61.5000000000,0.4052267274,0.3954235045,0.1993497681
14.5000000000,62.5000000000,0.4003767573,0.3784617580,0.2211614846
14.5000000000,63.5000000000,0.3719991014,0.3778872042,0.2501136944
14.5000000000,64.5000000000,0.3729119612,0.3310238777,0.2960641611
14.5000000000,65.5000000000,0.3430651172,0.3051241022,0.3518107806
14.5000000000,66.5000000000,0.2779405366,0.3139783704,0.4080810930
14.5000000000,67.5000000000,0.1795874319,0.3892168909,0.4311956772
14.5000000000,68.5000000000,0.1627610340,0.3981535214,0.4390854446
15.5000000000,36.5000000000,0.2417404713,0.2240273051,0.5342322235
15.5000000000,37.5000000000,0.2521995887,0.2332468979,0.5145535134
15.5000000000,38.5000000000,0.2564686152,0.2526303880,0.4909009968
15.5000000000,39.5000000000,0.2091062267,0.3197202405,0.4711735328
15.5000000000,40.5000000000,0.2973148698,0.2639377533,0.4387473769
15.5000000000,41.5000000000,0.2315766069,0.3290580567,0.4393653364
15.5000000000,43.5000000000,0.2543744380,0.3226748540,0.4229507080
15.5000000000,44.5000000000,0.3882352919,0.2340056869,0.3777590212
15.5000000000,45.5000000000,0.4225595391,0.2416770506,0.3357634103
15.5000000000,46.5000000000,0.5126085194,0.2127749437,0.2746165369
15.5000000000,47.5000000000,0.6449193511,0.1526260946,0.2024545543
15.5000000000,48.5000000000,0.5862576301,0.2112813144,0.2024610555
15.5000000000,49.5000000000,0.6493067007,0.1836329624,0.1670603369
15.5000000000,50.5000000000,0.5783107249,0.2375336220,0.1841556531
15.5000000000,51.5000000000,0.4656192366,0.2977645942,0.2366161692
15.5000000000,52.5000000000,0.3413788320,0.3501203910,0.3085007770
15.5000000000,53.5000000000,0.2518187235,0.3770005633,0.3711807131
15.5000000000,54.5000000000,0.1946639320,0.4012140296,0.4041220384
15.5000000000,55.5000000000,0.1431324050,0.4758077611,0.3810598339
15.5000000000,56.5000000000,0.1798396114,0.4789853206,0.3411750680
15.5000000000,57.5000000000,0.2348217771,0.4853170407,0.2798611822
15.5000000000,58.5000000000,0.2410836158,0.5394418759,0.2194745084
15.5000000000,59.5000000000,0.2925248518,0.5246785226,0.1827966255
15.5000000000,60.5000000000,0.3696775728,0.4643876232,0.1659348040
15.5000000000,61.5000000000,0.4130079435,0.4193317048,0.1676603518
15.5000000000,62.5000000000,0.4217195044,0.3923809476,0.1858995480
15.5000000000,63.5000000000,0.4002201568,0.3844060200,0.2153738233
15.5000000000,64.5000000000,0.3769959438,0.3622154688,0.2607885874
15.5000000000,65.5000000000,0.3627058142,0.3260554372,0.3112387486
15.5000000000,66.5000000000,0.3297549478,0.3096726608,0.3605723914
15.5000000000,67.5000000000,0.2179493206,0.3844833084,0.3975673711
15.5000000000,68.5000000000,0.1735941609,0.4162970846,0.4101087545
15.5000000000,69.5000000000,0.1504601843,0.4386479352,0.4108918805
16.5000000000,37.5000000000,0.2246412618,0.2587446401,0.5166140981
16.5000000000,38.5000000000,0.2625974948,0.2561705036,0.4812320015
16.5000000000,39.5000000000,0.3103640567,0.2460212457,0.4436146977
16.5000000000,40.5000000000,0.2743889564,0.2958770826,0.4297339610
16.5000000000,41.5000000000,0.2239759392,0.3593137648,0.4167102959
16.5000000000,42.5000000000,0.2596003496,0.3361701057,0.4042295447
16.5000000000,43.5000000000,0.3370422947,0.2805809196,0.3823767857
16.5000000000,44.5000000000,0.4456001810,0.2125248600,0.3418749591
16.5000000000,45.5000000000,0.4146241290,0.2541566636,0.3312192073
16.5000000000,46.5000000000,0.4694866371,0.2353507979,0.2951625649
16.5000000000,47.5000000000,0.4926426216,0.2355760062,0.2717813721
16.5000000000,48.5000000000,0.4611215934,0.2728059526,0.2660724539
16.5000000000,49.5000000000,0.5880540625,0.2108472417,0.2010986958
16.5000000000,50.5000000000,0.5899522166,0.2212761880,0.1887715954
16.5000000000,51.5000000000,0.4488174207,0.3056743085,0.2455082708
16.5000000000,52.5000000000,0.3403162418,0.3465220918,0.3131616663
16.5000000000,53.5000000000,0.2787715191,0.3532723522,0.3679561287
16.5000000000,54.5000000000,0.2285791846,0.3694526593,0.4019681561
16.5000000000,56.5000000000,0.1818072226,0.4910718788,0.3271208986
16.5000000000,57.5000000000,0.2347372666,0.5011024632,0.2641602702
16.5000000000,58.5000000000,0.2593469791,0.5369951968,0.2036578241
16.5000000000,59.5000000000,0.3062180301,0.5230556071,0.1707263627
16.5000000000,60.5000000000,0.3782848048,0.4679025961,0.1538125991
16.5000000000,61.5000000000,0.4179614668,0.4307844057,0.1512541275
16.5000000000,62.5000000000,0.4401940378,0.3939933506,0.1658126116
16.5000000000,63.5000000000,0.4149686276,0.3901830952,0.1948482773
16.5000000000,64.5000000000,0.3963128553,0.3693095185,0.2343776263
16.5000000000,65.5000000000,0.3641488686,0.3554285910,0.2804225404
16.5000000000,66.5000000000,0.3454229137,0.3316416502,0.3229354361
16.5000000000,67.5000000000,0.2964407435,0.3435064845,0.3600527720
16.5000000000,68.5000000000,0.1889657837,0.4295180184,0.3815161979
16.5000000000,69.5000000000,0.1543651346,0.4603719888,0.3852628766
17.5000000000,38.5000000000,0.2386346151,0.2797316916,0.4816336934
17.5000000000,39.5000000000,0.2552665120,0.3001290750,0.4446044129
17.5000000000,40.5000000000,0.2582431796,0.3281355312,0.4136212892
17.5000000000,41.5000000000,0.2482466918,0.3617362002,0.3900171080
17.5000000000,42.5000000000,0.3067762670,0.3259313734,0.3672923595
17.5000000000,43.5000000000,0.4578247920,0.2211787086,0.3209964994
17.5000000000,44.5000000000,0.4667940937,0.2229345079,0.3102713984
17.5000000000,45.5000000000,0.4171097580,0.2683650924,0.3145251496
17.5000000000,46.5000000000,0.4624361215,0.2482829267,0.2892809517
17.5000000000,47.5000000000,0.4777642614,0.2482750317,0.2739607069
17.5000000000,48.5000000000,0.4522781673,0.2781009516,0.2696208811
17.5000000000,49.5000000000,0.5212648649,0.2513060297,0.2274291054
17.5000000000,50.5000000000,0.5398643992,0.2474122252,0.2127233756
17.5000000000,51.5000000000,0.4366081804,0.3039109508,0.2594808688
17.5000000000,52.5000000000,0.3345984390,0.3436360635,0.3217654975
17.5000000000,53.5000000000,0.2856277253,0.3540320396,0.3603402351
17.5000000000,54.5000000000,0.2554483259,0.3599610060,0.3845906681
17.5000000000,57.5000000000,0.2211877427,0.5271090728,0.2517031846
17.5000000000,58.5000000000,0.2688949531,0.5293381107,0.2017669363
17.5000000000,59.5000000000,0.3091646045,0.5180562085,0.1727791871
