Lon,Lat,C_KK10LonLatElev,B_KK10LonLatElev,U_KK10LonLatElev
-9.5000000000,38.5000000000,0.1451263917,0.1479567958,0.7069168124
-9.5000000000,39.5000000000,0.1450095112,0.1540984361,0.7008920527
-9.5000000000,42.5000000000,0.1329766573,0.1852209959,0.6818023468
-9.5000000000,43.5000000000,0.1163781169,0.2034478918,0.6801739913
-9.5000000000,51.5000000000,0.0565427743,0.2299828970,0.7134743287
-9.5000000000,52.5000000000,0.0562980734,0.2275316869,0.7161702398
-9.5000000000,53.5000000000,0.0601450676,0.2159949589,0.7238599736
-9.5000000000,54.5000000000,0.0634658343,0.1954614504,0.7410727153
-8.5000000000,37.5000000000,0.1571326339,0.1340691615,0.7087982046
-8.5000000000,38.5000000000,0.1646877428,0.1361598541,0.6991524031
-8.5000000000,39.5000000000,0.1523809525,0.1465892530,0.7010297945
-8.5000000000,40.5000000000,0.1557013738,0.1509475008,0.6933511255
-8.5000000000,41.5000000000,0.1511010511,0.1622919130,0.6866070359
-8.5000000000,42.5000000000,0.1450994679,0.1728087161,0.6820918160
-8.5000000000,43.5000000000,0.1314251308,0.1944165067,0.6741583625
-8.5000000000,51.5000000000,0.0515934219,0.2231885342,0.7252180439
-8.5000000000,52.5000000000,0.0544262701,0.2128184069,0.7327553230
-8.5000000000,53.5000000000,0.0603921708,0.2064900152,0.7331178140
-8.5000000000,54.5000000000,0.0691465070,0.1841181494,0.7467353436
-8.5000000000,55.5000000000,0.0634482050,0.1689296592,0.7676221358
-7.5000000000,37.5000000000,0.1589749419,0.1302304805,0.7107945776
-7.5000000000,38.5000000000,0.1701166727,0.1311573619,0.6987259654
-7.5000000000,39.5000000000,0.1728752820,0.1334505458,0.6936741722
-7.5000000000,40.5000000000,0.1666170042,0.1359033200,0.6974796759
-7.5000000000,41.5000000000,0.1618748814,0.1491748607,0.6889502579
-7.5000000000,42.5000000000,0.1579591006,0.1608661177,0.6811747817
-7.5000000000,43.5000000000,0.1416642309,0.1917399022,0.6665958670
-7.5000000000,51.5000000000,0.0442013402,0.2196126167,0.7361860431
-7.5000000000,52.5000000000,0.0564053050,0.1983852037,0.7452094912
-7.5000000000,53.5000000000,0.0630957785,0.1938110126,0.7430932089
-7.5000000000,54.5000000000,0.0726323727,0.1778628492,0.7495047781
-7.5000000000,55.5000000000,0.0664046998,0.1650725558,0.7685227444
-7.5000000000,57.5000000000,0.0503060977,0.1207378018,0.8289561005
-7.5000000000,58.5000000000,0.0507158518,0.1066842392,0.8425999089
-7.5000000000,62.5000000000,0.0600541783,0.1003242387,0.8396215830
-6.5000000000,35.5000000000,0.1753180695,0.1089656788,0.7157162517
-6.5000000000,36.5000000000,0.1742016797,0.1143705231,0.7114277972
-6.5000000000,37.5000000000,0.1797201845,0.1165971873,0.7036826282
-6.5000000000,38.5000000000,0.1935055025,0.1164822981,0.6900121994
-6.5000000000,39.5000000000,0.1992409103,0.1222020868,0.6785570029
-6.5000000000,40.5000000000,0.1913062924,0.1274531270,0.6812405806
-6.5000000000,41.5000000000,0.1775427440,0.1450130762,0.6774441798
-6.5000000000,42.5000000000,0.1837475337,0.1455672268,0.6706852395
-6.5000000000,43.5000000000,0.1513908170,0.1973443737,0.6512648093
-6.5000000000,52.5000000000,0.0543578123,0.1905509876,0.7550912002
-6.5000000000,53.5000000000,0.0612693237,0.1902426766,0.7484879997
-6.5000000000,54.5000000000,0.0729216349,0.1793437697,0.7477345954
-6.5000000000,55.5000000000,0.0702779906,0.1615797749,0.7681422345
-6.5000000000,56.5000000000,0.0565943376,0.1407317401,0.8026739223
-6.5000000000,57.5000000000,0.0528049817,0.1147709365,0.8324240818
-6.5000000000,58.5000000000,0.0489164150,0.1059475137,0.8451360713
-6.5000000000,61.5000000000,0.0568361370,0.0983561159,0.8448077471
-6.5000000000,62.5000000000,0.0608847468,0.1009823569,0.8381328963
-5.5000000000,35.5000000000,0.1784271930,0.0947119538,0.7268608533
-5.5000000000,36.5000000000,0.1855432600,0.0967848236,0.7176719164
-5.5000000000,37.5000000000,0.1909087321,0.1060240734,0.7030671945
-5.5000000000,38.5000000000,0.1898255117,0.1137361367,0.6964383516
-5.5000000000,39.5000000000,0.2068968988,0.1186778685,0.6744252327
-5.5000000000,40.5000000000,0.2097722877,0.1132615847,0.6769661276
-5.5000000000,41.5000000000,0.1849089967,0.1466763195,0.6684146838
-5.5000000000,42.5000000000,0.1962049247,0.1596740811,0.6441209942
-5.5000000000,43.5000000000,0.1725811965,0.2074766788,0.6199421246
-5.5000000000,50.5000000000,0.0469155180,0.1678408534,0.7852436286
-5.5000000000,51.5000000000,0.0492451661,0.1703728757,0.7803819582
-5.5000000000,54.5000000000,0.0658224660,0.1700876058,0.7640899282
-5.5000000000,55.5000000000,0.0682080830,0.1537416863,0.7780502307
-5.5000000000,56.5000000000,0.0609906531,0.1316112523,0.8073980946
-5.5000000000,57.5000000000,0.0609206754,0.1118716013,0.8272077234
-5.5000000000,58.5000000000,0.0494901207,0.1114899636,0.8390199156
-4.5000000000,35.5000000000,0.1778130662,0.0851510973,0.7370358365
-4.5000000000,36.5000000000,0.1797700232,0.0885039174,0.7317260594
-4.5000000000,37.5000000000,0.2020003056,0.0883296189,0.7096700755
-4.5000000000,38.5000000000,0.2078365216,0.0999163506,0.6922471278
-4.5000000000,39.5000000000,0.2162828291,0.1127108577,0.6710063132
-4.5000000000,40.5000000000,0.2430271290,0.1042027778,0.6527700932
-4.5000000000,41.5000000000,0.2092369272,0.1347752385,0.6559878343
-4.5000000000,42.5000000000,0.2153358779,0.1589794428,0.6256846794
-4.5000000000,43.5000000000,0.2006316183,0.2109466970,0.5884216847
-4.5000000000,47.5000000000,0.0505942351,0.1887040120,0.7607017529
-4.5000000000,48.5000000000,0.0470663456,0.1617425880,0.7911910664
-4.5000000000,50.5000000000,0.0427547202,0.1512895405,0.8059557394
-4.5000000000,51.5000000000,0.0437352807,0.1546549158,0.8016098036
-4.5000000000,52.5000000000,0.0498147637,0.1574901151,0.7926951212
-4.5000000000,53.5000000000,0.0525269597,0.1652007812,0.7822722591
-4.5000000000,54.5000000000,0.0599795751,0.1606737653,0.7793466596
-4.5000000000,55.5000000000,0.0669200461,0.1476450112,0.7854349427
-4.5000000000,56.5000000000,0.0745224087,0.1257019911,0.7997756002
-4.5000000000,57.5000000000,0.0703691984,0.1175765272,0.8120542744
-4.5000000000,58.5000000000,0.0589752397,0.1088625326,0.8321622278
-3.5000000000,35.5000000000,0.1965735269,0.0661418960,0.7372845772
-3.5000000000,36.5000000000,0.1823043714,0.0733286679,0.7443669606
-3.5000000000,37.5000000000,0.2163748219,0.0646477354,0.7189774427
-3.5000000000,38.5000000000,0.2156766426,0.0833001597,0.7010231977
-3.5000000000,39.5000000000,0.2302643039,0.0934573785,0.6762783175
-3.5000000000,40.5000000000,0.2359404893,0.0981290681,0.6659304426
-3.5000000000,41.5000000000,0.2148768813,0.1110133148,0.6741098038
-3.5000000000,42.5000000000,0.2103536816,0.1466603917,0.6429859268
-3.5000000000,43.5000000000,0.1791011791,0.2022719136,0.6186269072
-3.5000000000,47.5000000000,0.0546974314,0.1756126303,0.7696899382
-3.5000000000,48.5000000000,0.0433303981,0.1601125787,0.7965570233
-3.5000000000,50.5000000000,0.0401005475,0.1444170086,0.8154824439
-3.5000000000,51.5000000000,0.0431914375,0.1410752443,0.8157333182
-3.5000000000,52.5000000000,0.0519814083,0.1355388114,0.8124797803
-3.5000000000,53.5000000000,0.0515586738,0.1496257730,0.7988155532
-3.5000000000,54.5000000000,0.0561086937,0.1495925733,0.7942987330
-3.5000000000,55.5000000000,0.0652534519,0.1422412844,0.7925052637
-3.5000000000,56.5000000000,0.0712221072,0.1386808660,0.7900970268
-3.5000000000,57.5000000000,0.0723287801,0.1251088296,0.8025623903
-3.5000000000,58.5000000000,0.0621459698,0.1130857840,0.8247682462
-3.5000000000,59.5000000000,0.0562421594,0.1041938552,0.8395639854
-2.5000000000,35.5000000000,0.2089776725,0.0521520361,0.7388702913
-2.5000000000,36.5000000000,0.2047885836,0.0553114582,0.7398999582
-2.5000000000,37.5000000000,0.2104843621,0.0520624387,0.7374531993
-2.5000000000,38.5000000000,0.2306147051,0.0614114340,0.7079738609
-2.5000000000,39.5000000000,0.2404733895,0.0753758319,0.6841507786
-2.5000000000,40.5000000000,0.2235805434,0.0848266098,0.6915928467
-2.5000000000,41.5000000000,0.2173803086,0.0979722754,0.6846474160
-2.5000000000,42.5000000000,0.1985796236,0.1374768494,0.6639435270
-2.5000000000,43.5000000000,0.1607547917,0.1915756912,0.6476695171
-2.5000000000,46.5000000000,0.0719149365,0.2049080056,0.7231770579
-2.5000000000,47.5000000000,0.0571862994,0.1849539326,0.7578597680
-2.5000000000,48.5000000000,0.0442401858,0.1738736681,0.7818861461
-2.5000000000,49.5000000000,0.0455817300,0.1570572279,0.7973610421
-2.5000000000,50.5000000000,0.0385091182,0.1587238979,0.8027669839
-2.5000000000,51.5000000000,0.0375450371,0.1548124859,0.8076424770
-2.5000000000,52.5000000000,0.0404383157,0.1514774929,0.8080841914
-2.5000000000,53.5000000000,0.0429777404,0.1505194172,0.8065028424
-2.5000000000,54.5000000000,0.0546181947,0.1326230725,0.8127587328
-2.5000000000,55.5000000000,0.0602391302,0.1399875215,0.7997733482
-2.5000000000,56.5000000000,0.0635567149,0.1469714753,0.7894718097
-2.5000000000,57.5000000000,0.0663873874,0.1373872351,0.7962253775
-2.5000000000,58.5000000000,0.0602804977,0.1215385177,0.8181809846
-1.5000000000,35.5000000000,0.1733126070,0.0509325567,0.7757548363
-1.5000000000,36.5000000000,0.2218568013,0.0451427258,0.7330004729
-1.5000000000,37.5000000000,0.2058179852,0.0508356693,0.7433463455
-1.5000000000,38.5000000000,0.2310095060,0.0521183176,0.7168721764
-1.5000000000,39.5000000000,0.2339793841,0.0628001573,0.7032204586
-1.5000000000,40.5000000000,0.2233154460,0.0632362976,0.7134482564
-1.5000000000,41.5000000000,0.1821303302,0.0887491081,0.7291205617
-1.5000000000,42.5000000000,0.1689364186,0.1224047110,0.7086588704
-1.5000000000,43.5000000000,0.1663855624,0.1551906109,0.6784238267
-1.5000000000,44.5000000000,0.1467816339,0.1773786122,0.6758397540
-1.5000000000,45.5000000000,0.1100901886,0.1943438704,0.6955659409
-1.5000000000,46.5000000000,0.0866039861,0.1961804663,0.7172155475
-1.5000000000,47.5000000000,0.0660764634,0.1915300914,0.7423934452
-1.5000000000,48.5000000000,0.0502334799,0.1811201871,0.7686463330
-1.5000000000,49.5000000000,0.0432239501,0.1757987301,0.7809773198
-1.5000000000,50.5000000000,0.0404098350,0.1721429321,0.7874472329
-1.5000000000,51.5000000000,0.0369724210,0.1607367982,0.8022907809
-1.5000000000,52.5000000000,0.0370860356,0.1565921362,0.8063218282
-1.5000000000,53.5000000000,0.0406019674,0.1473789798,0.8120190528
-1.5000000000,54.5000000000,0.0444280113,0.1432808821,0.8122911066
-1.5000000000,55.5000000000,0.0525762344,0.1457249903,0.8016987752
-1.5000000000,57.5000000000,0.0548586233,0.1457888542,0.7993525224
-1.5000000000,59.5000000000,0.0580636155,0.1065077302,0.8354286542
-1.5000000000,60.5000000000,0.0552537165,0.0979300871,0.8468161965
-0.5000000000,35.5000000000,0.1810444783,0.0421119920,0.7768435296
-0.5000000000,37.5000000000,0.1892625446,0.0467037985,0.7640336568
-0.5000000000,38.5000000000,0.2004848170,0.0470059585,0.7525092245
-0.5000000000,39.5000000000,0.1951147123,0.0583915088,0.7464937789
-0.5000000000,40.5000000000,0.1929747695,0.0557048467,0.7513203838
-0.5000000000,41.5000000000,0.1713671600,0.0719381406,0.7566946995
-0.5000000000,42.5000000000,0.1807485050,0.0839510073,0.7353004877
-0.5000000000,43.5000000000,0.1426400325,0.1398676060,0.7174923615
-0.5000000000,44.5000000000,0.1325236471,0.1646123878,0.7028639651
-0.5000000000,45.5000000000,0.0977396333,0.1962388040,0.7060215627
-0.5000000000,46.5000000000,0.0859857213,0.2001634795,0.7138507991
-0.5000000000,47.5000000000,0.0705971529,0.2077909933,0.7216118537
-0.5000000000,48.5000000000,0.0577209531,0.1892451328,0.7530339141
-0.5000000000,49.5000000000,0.0435707265,0.1829927974,0.7734364761
-0.5000000000,50.5000000000,0.0371142229,0.1727099561,0.7901758210
-0.5000000000,51.5000000000,0.0354178136,0.1619553399,0.8026268465
-0.5000000000,52.5000000000,0.0349352990,0.1584741331,0.8065905680
-0.5000000000,53.5000000000,0.0350332127,0.1587388501,0.8062279372
-0.5000000000,54.5000000000,0.0401591744,0.1508041497,0.8090366759
-0.5000000000,60.5000000000,0.0611893074,0.1063497280,0.8324609646
0.5000000000,35.5000000000,0.2021006479,0.0363925395,0.7615068126
0.5000000000,36.5000000000,0.1963517774,0.0409728856,0.7626753370
0.5000000000,38.5000000000,0.1943990044,0.0470432966,0.7585576990
0.5000000000,40.5000000000,0.1729938664,0.0678525927,0.7591535410
0.5000000000,41.5000000000,0.1658718607,0.0793998338,0.7547283054
0.5000000000,42.5000000000,0.2011714502,0.0734771294,0.7253514204
0.5000000000,43.5000000000,0.1297659644,0.1349483625,0.7352856731
0.5000000000,44.5000000000,0.1132887004,0.1651097069,0.7216015927
0.5000000000,45.5000000000,0.1008947804,0.1818052058,0.7173000138
0.5000000000,46.5000000000,0.0835355465,0.1995234461,0.7169410074
0.5000000000,47.5000000000,0.0691878249,0.2061745137,0.7246376615
0.5000000000,48.5000000000,0.0590828122,0.1881700763,0.7527471115
0.5000000000,49.5000000000,0.0433420513,0.1799779887,0.7766799601
0.5000000000,50.5000000000,0.0336923078,0.1706436098,0.7956640824
0.5000000000,51.5000000000,0.0337521674,0.1632944505,0.8029533821
0.5000000000,52.5000000000,0.0363106166,0.1573713349,0.8063180485
0.5000000000,53.5000000000,0.0350147707,0.1617176629,0.8032675663
1.5000000000,35.5000000000,0.2358416354,0.0311148068,0.7330435578
1.5000000000,36.5000000000,0.2115974843,0.0398382480,0.7485642677
1.5000000000,38.5000000000,0.2012615734,0.0473223681,0.7514160585
1.5000000000,39.5000000000,0.2023779260,0.0563138234,0.7413082506
1.5000000000,41.5000000000,0.1886633645,0.0815988574,0.7297377781
1.5000000000,42.5000000000,0.2167579265,0.0692641340,0.7139779395
1.5000000000,43.5000000000,0.1270109088,0.1312528475,0.7417362438
1.5000000000,44.5000000000,0.1130872657,0.1557905865,0.7311221478
1.5000000000,45.5000000000,0.1144774563,0.1608437290,0.7246788148
1.5000000000,46.5000000000,0.0904338764,0.1841485485,0.7254175751
1.5000000000,47.5000000000,0.0729731421,0.1971056119,0.7299212460
1.5000000000,48.5000000000,0.0566079203,0.1943513215,0.7490407583
1.5000000000,49.5000000000,0.0464234783,0.1811797325,0.7723967893
1.5000000000,50.5000000000,0.0394778623,0.1721917844,0.7883303533
1.5000000000,51.5000000000,0.0350558389,0.1708535058,0.7940906554
1.5000000000,52.5000000000,0.0365216318,0.1640977560,0.7993806122
2.5000000000,35.5000000000,0.2636286713,0.0320112912,0.7043600375
2.5000000000,36.5000000000,0.2268242216,0.0418937304,0.7312820480
2.5000000000,39.5000000000,0.2136622702,0.0628351455,0.7235025843
2.5000000000,41.5000000000,0.2096145265,0.0830845711,0.7073009024
2.5000000000,42.5000000000,0.1850147675,0.0894430556,0.7255421770
2.5000000000,43.5000000000,0.1356850888,0.1193286413,0.7449862699
2.5000000000,44.5000000000,0.1357349265,0.1309018671,0.7333632064
2.5000000000,45.5000000000,0.1357555274,0.1375376881,0.7267067846
2.5000000000,46.5000000000,0.0946447114,0.1824103496,0.7229449390
2.5000000000,47.5000000000,0.0774679681,0.1968187037,0.7257133282
2.5000000000,48.5000000000,0.0605711366,0.2017175167,0.7377113467
2.5000000000,49.5000000000,0.0516632217,0.1902988494,0.7580379289
2.5000000000,50.5000000000,0.0434763829,0.1816742246,0.7748493926
2.5000000000,51.5000000000,0.0401120006,0.1754900820,0.7843979174
3.5000000000,35.5000000000,0.2859610729,0.0352458260,0.6787931011
3.5000000000,36.5000000000,0.2470210815,0.0447174590,0.7082614595
3.5000000000,39.5000000000,0.2431520516,0.0690796701,0.6877682784
3.5000000000,40.5000000000,0.2083486572,0.0867697955,0.7048815473
3.5000000000,41.5000000000,0.2150831862,0.0911260000,0.6937908138
3.5000000000,42.5000000000,0.1705893739,0.1132275349,0.7161830912
3.5000000000,43.5000000000,0.1292379103,0.1352656537,0.7354964360
3.5000000000,44.5000000000,0.1501080708,0.1197972651,0.7300946641
3.5000000000,45.5000000000,0.1367589060,0.1453789414,0.7178621526
3.5000000000,46.5000000000,0.1061823892,0.1841963699,0.7096212410
3.5000000000,47.5000000000,0.0808085976,0.2089520717,0.7102393307
3.5000000000,48.5000000000,0.0712897913,0.2088168149,0.7198933938
3.5000000000,49.5000000000,0.0614616885,0.1996727236,0.7388655879
3.5000000000,50.5000000000,0.0503835374,0.1939480716,0.7556683910
3.5000000000,51.5000000000,0.0465784798,0.1815665071,0.7718550130
4.5000000000,35.5000000000,0.3079179632,0.0393863192,0.6526957176
4.5000000000,36.5000000000,0.2729198019,0.0469949479,0.6800852502
4.5000000000,39.5000000000,0.2490223731,0.0793841219,0.6715935050
4.5000000000,40.5000000000,0.2284387541,0.0917926800,0.6797685659
4.5000000000,43.5000000000,0.1460228479,0.1428888527,0.7110882994
4.5000000000,44.5000000000,0.1462651028,0.1479581402,0.7057767570
4.5000000000,45.5000000000,0.1534262763,0.1595601385,0.6870135852
4.5000000000,46.5000000000,0.1239264547,0.1946234160,0.6814501293
4.5000000000,47.5000000000,0.1003718896,0.2149795907,0.6846485196
4.5000000000,48.5000000000,0.0898881224,0.2176253828,0.6924864948
4.5000000000,49.5000000000,0.0765656179,0.2072113065,0.7162230756
4.5000000000,50.5000000000,0.0596847904,0.2011244046,0.7391908051
4.5000000000,51.5000000000,0.0522718601,0.1906207680,0.7571073719
4.5000000000,52.5000000000,0.0471588862,0.1826607624,0.7701803514
4.5000000000,53.5000000000,0.0482069286,0.1736858324,0.7781072390
4.5000000000,60.5000000000,0.1035336534,0.1869365213,0.7095298254
4.5000000000,61.5000000000,0.1219600575,0.1757668488,0.7022730937
5.5000000000,35.5000000000,0.3118901622,0.0428609880,0.6452488498
5.5000000000,36.5000000000,0.2871160295,0.0516064153,0.6612775552
5.5000000000,43.5000000000,0.1687439056,0.1415012720,0.6897548224
5.5000000000,44.5000000000,0.1901347793,0.1305027227,0.6793624980
5.5000000000,45.5000000000,0.1858255314,0.1713876667,0.6427868019
5.5000000000,46.5000000000,0.1758712861,0.2043978295,0.6197308844
5.5000000000,47.5000000000,0.1413972578,0.2330374611,0.6255652811
5.5000000000,48.5000000000,0.1154603183,0.2310776173,0.6534620644
5.5000000000,49.5000000000,0.0941075972,0.2155396478,0.6903527550
5.5000000000,50.5000000000,0.0743529694,0.2012838534,0.7243631772
5.5000000000,51.5000000000,0.0584692944,0.1956661562,0.7458645494
5.5000000000,52.5000000000,0.0518265028,0.1855746296,0.7625988676
5.5000000000,53.5000000000,0.0485066199,0.1805875227,0.7709058574
5.5000000000,58.5000000000,0.1013996056,0.1909940549,0.7076063395
5.5000000000,59.5000000000,0.1193915935,0.1913714388,0.6892369677
5.5000000000,60.5000000000,0.1375815835,0.1788532028,0.6835652138
5.5000000000,61.5000000000,0.1544601903,0.1707406141,0.6747991956
5.5000000000,62.5000000000,0.1523156556,0.1832708329,0.6644135116
6.5000000000,35.5000000000,0.3073351503,0.0459319746,0.6467328751
6.5000000000,36.5000000000,0.2775948883,0.0602440416,0.6621610701
6.5000000000,37.5000000000,0.2554777357,0.0791418260,0.6653804384
6.5000000000,43.5000000000,0.1998623098,0.1372891559,0.6628485343
6.5000000000,44.5000000000,0.2791587870,0.0870227479,0.6338184652
6.5000000000,45.5000000000,0.3041127699,0.1008977583,0.5949894717
6.5000000000,46.5000000000,0.2533163035,0.1628082549,0.5838754416
6.5000000000,47.5000000000,0.2084273483,0.2102207779,0.5813518738
6.5000000000,48.5000000000,0.1568419663,0.2297950185,0.6133630153
6.5000000000,49.5000000000,0.1150948452,0.2212161403,0.6636890145
6.5000000000,50.5000000000,0.0930055414,0.1916310669,0.7153633917
6.5000000000,51.5000000000,0.0621169852,0.2011040361,0.7367789787
6.5000000000,52.5000000000,0.0578727616,0.1844540211,0.7576732173
6.5000000000,53.5000000000,0.0522595070,0.1792587890,0.7684817040
6.5000000000,58.5000000000,0.1270182784,0.1824121587,0.6905695628
6.5000000000,59.5000000000,0.1600095709,0.1651546181,0.6748358111
6.5000000000,60.5000000000,0.1784872543,0.1609884500,0.6605242957
6.5000000000,61.5000000000,0.1896989763,0.1640550321,0.6462459916
6.5000000000,62.5000000000,0.1807347406,0.1849274382,0.6343378212
7.5000000000,35.5000000000,0.2946817515,0.0534476232,0.6518706253
7.5000000000,36.5000000000,0.2648639418,0.0697018760,0.6654341822
7.5000000000,37.5000000000,0.2278079540,0.0952086111,0.6769834349
7.5000000000,43.5000000000,0.2250444271,0.1559654353,0.6189901376
7.5000000000,44.5000000000,0.2571884631,0.1207294222,0.6220821148
7.5000000000,45.5000000000,0.2996307565,0.1018531188,0.5985161248
7.5000000000,46.5000000000,0.3232278874,0.1168197463,0.5599523663
7.5000000000,47.5000000000,0.2426441483,0.2001866007,0.5571692510
7.5000000000,48.5000000000,0.1919724149,0.2168867848,0.5911408003
7.5000000000,49.5000000000,0.1457574446,0.2066801136,0.6475624418
7.5000000000,50.5000000000,0.1030425353,0.1987151861,0.6982422785
7.5000000000,51.5000000000,0.0775679641,0.1905434084,0.7318886275
7.5000000000,52.5000000000,0.0641387281,0.1829711509,0.7528901210
7.5000000000,53.5000000000,0.0557487559,0.1774394465,0.7668117976
7.5000000000,58.5000000000,0.1434551642,0.1932249581,0.6633198777
7.5000000000,59.5000000000,0.1966357801,0.1649746930,0.6383895270
7.5000000000,60.5000000000,0.2234965680,0.1536411183,0.6228623137
7.5000000000,61.5000000000,0.2304090597,0.1597352018,0.6098557385
7.5000000000,62.5000000000,0.2232207519,0.1761477833,0.6006314648
7.5000000000,63.5000000000,0.1943262136,0.2091419799,0.5965318065
8.5000000000,35.5000000000,0.2674948237,0.0638972207,0.6686079556
8.5000000000,36.5000000000,0.2445826445,0.0800998295,0.6753175260
8.5000000000,37.5000000000,0.2279715672,0.1020157460,0.6700126867
8.5000000000,38.5000000000,0.2374069345,0.1152637043,0.6473293613
8.5000000000,39.5000000000,0.2606672930,0.1242796369,0.6150530701
8.5000000000,40.5000000000,0.2765871552,0.1354615719,0.5879512729
8.5000000000,41.5000000000,0.2656113416,0.1633464633,0.5710421951
8.5000000000,42.5000000000,0.2778083332,0.1652846304,0.5569070365
8.5000000000,43.5000000000,0.2825967042,0.1677597010,0.5496435947
8.5000000000,44.5000000000,0.2608424860,0.1622930591,0.5768644549
8.5000000000,45.5000000000,0.2314217682,0.1614352913,0.6071429406
8.5000000000,46.5000000000,0.3169999848,0.1002194706,0.5827805446
8.5000000000,47.5000000000,0.2332910895,0.1819792155,0.5847296950
8.5000000000,48.5000000000,0.2022413558,0.1935010449,0.6042575993
8.5000000000,49.5000000000,0.1445042763,0.2130450732,0.6424506505
8.5000000000,50.5000000000,0.1172439780,0.1969458879,0.6858101342
8.5000000000,51.5000000000,0.0948685779,0.1818711951,0.7232602270
8.5000000000,52.5000000000,0.0685777172,0.1859419866,0.7454802962
8.5000000000,53.5000000000,0.0589244379,0.1791503044,0.7619252577
8.5000000000,54.5000000000,0.0526370678,0.1835488621,0.7638140700
8.5000000000,55.5000000000,0.0587438523,0.1837614557,0.7574946920
8.5000000000,56.5000000000,0.0670698730,0.1983567953,0.7345733317
8.5000000000,57.5000000000,0.0859840817,0.2302405252,0.6837753931
8.5000000000,58.5000000000,0.1408510327,0.2229678143,0.6361811530
8.5000000000,59.5000000000,0.2062380479,0.1906835979,0.6030783542
8.5000000000,60.5000000000,0.2488675357,0.1700030627,0.5811294016
8.5000000000,61.5000000000,0.2721146990,0.1559775255,0.5719077755
8.5000000000,62.5000000000,0.2688199578,0.1693199641,0.5618600782
8.5000000000,63.5000000000,0.2249263004,0.2107457452,0.5643279544
9.5000000000,35.5000000000,0.2335940628,0.0787859514,0.6876199858
9.5000000000,36.5000000000,0.2244042007,0.0886226152,0.6869731841
9.5000000000,37.5000000000,0.2194260980,0.1086207083,0.6719531937
9.5000000000,39.5000000000,0.2624787168,0.1374664121,0.6000548711
9.5000000000,40.5000000000,0.2848072821,0.1528476900,0.5623450280
9.5000000000,41.5000000000,0.3057310311,0.1734329462,0.5208360227
9.5000000000,42.5000000000,0.3471655448,0.1664702832,0.4863641721
9.5000000000,44.5000000000,0.3284208062,0.1662945819,0.5052846119
9.5000000000,45.5000000000,0.2561953125,0.1712240851,0.5725806023
9.5000000000,46.5000000000,0.3264749786,0.0915955480,0.5819294734
9.5000000000,47.5000000000,0.2465174988,0.1578972057,0.5955852956
9.5000000000,48.5000000000,0.1853074961,0.1885973102,0.6260951937
9.5000000000,49.5000000000,0.1565393803,0.2009794317,0.6424811881
9.5000000000,50.5000000000,0.1359248455,0.1929425344,0.6711326200
9.5000000000,51.5000000000,0.1018916208,0.1931227925,0.7049855867
9.5000000000,52.5000000000,0.0786107741,0.1948215776,0.7265676482
9.5000000000,53.5000000000,0.0678611554,0.1910770754,0.7410617692
9.5000000000,54.5000000000,0.0619190336,0.1936844412,0.7443965253
9.5000000000,55.5000000000,0.0644696041,0.2019322958,0.7335981001
9.5000000000,56.5000000000,0.0760517979,0.2189040114,0.7050441907
9.5000000000,57.5000000000,0.0963756381,0.2505388248,0.6530855371
9.5000000000,58.5000000000,0.1355660563,0.2649271581,0.5995067856
9.5000000000,59.5000000000,0.1993161621,0.2347457754,0.5659380625
9.5000000000,60.5000000000,0.2648318278,0.1988348283,0.5363333439
9.5000000000,61.5000000000,0.3007689871,0.1759649056,0.5232661074
9.5000000000,62.5000000000,0.3105398936,0.1687129658,0.5207471405
9.5000000000,63.5000000000,0.2489589019,0.2102978862,0.5407432119
10.5000000000,35.5000000000,0.2094719543,0.0909618296,0.6995662161
10.5000000000,36.5000000000,0.2027702427,0.0998426313,0.6973871259
10.5000000000,37.5000000000,0.2194436188,0.1101509417,0.6704054395
10.5000000000,42.5000000000,0.3550936687,0.2034553252,0.4414510061
10.5000000000,43.5000000000,0.4006997903,0.1905157893,0.4087844205
10.5000000000,44.5000000000,0.4121468248,0.1708979541,0.4169552211
10.5000000000,45.5000000000,0.3248961144,0.1696421633,0.5054617223
10.5000000000,46.5000000000,0.3997686656,0.0808503543,0.5193809801
10.5000000000,47.5000000000,0.3276152390,0.1202256397,0.5521591213
10.5000000000,48.5000000000,0.2246217507,0.1841929837,0.5911852656
10.5000000000,49.5000000000,0.2036476507,0.1915787829,0.6047735664
10.5000000000,50.5000000000,0.1782346639,0.1873533115,0.6344120246
10.5000000000,51.5000000000,0.1394711377,0.1910486014,0.6694802608
10.5000000000,52.5000000000,0.1026737968,0.2058244525,0.6915017507
10.5000000000,53.5000000000,0.0831582330,0.2083319471,0.7085098198
10.5000000000,54.5000000000,0.0707325626,0.2233566481,0.7059107893
10.5000000000,55.5000000000,0.0706835388,0.2411376328,0.6881788284
10.5000000000,56.5000000000,0.0845009744,0.2563139480,0.6591850776
10.5000000000,57.5000000000,0.1126019319,0.2758759912,0.6115220769
10.5000000000,59.5000000000,0.1966877467,0.2767716177,0.5265406356
10.5000000000,60.5000000000,0.2796238910,0.2247951354,0.4955809736
10.5000000000,61.5000000000,0.3252289657,0.1869000834,0.4878709508
10.5000000000,62.5000000000,0.3155125656,0.1814460958,0.5030413386
10.5000000000,63.5000000000,0.2634784549,0.2110249815,0.5254965636
10.5000000000,64.5000000000,0.2354730937,0.2184720029,0.5460549035
11.5000000000,35.5000000000,0.1845978997,0.0998081531,0.7155939472
11.5000000000,36.5000000000,0.1768909052,0.1093895244,0.7137195704
11.5000000000,42.5000000000,0.3745717838,0.2045156140,0.4209126022
11.5000000000,43.5000000000,0.4191331146,0.1851033865,0.3957634988
11.5000000000,44.5000000000,0.3899911654,0.1990308036,0.4109780310
11.5000000000,45.5000000000,0.3611682618,0.1812732141,0.4575585241
11.5000000000,46.5000000000,0.4466300771,0.1013550108,0.4520149121
11.5000000000,47.5000000000,0.3987913189,0.1203338055,0.4808748757
11.5000000000,48.5000000000,0.2994291149,0.1816339199,0.5189369652
11.5000000000,49.5000000000,0.2825893623,0.1806611625,0.5367494752
11.5000000000,50.5000000000,0.2518549391,0.1776872877,0.5704577733
11.5000000000,51.5000000000,0.1688755846,0.2141108856,0.6170135298
11.5000000000,52.5000000000,0.1323260702,0.2255273083,0.6421466215
11.5000000000,53.5000000000,0.1039518801,0.2270561568,0.6689919631
11.5000000000,54.5000000000,0.0819627582,0.2529796825,0.6650575592
11.5000000000,55.5000000000,0.0810648852,0.2802387697,0.6386963452
11.5000000000,57.5000000000,0.1184161169,0.3156899185,0.5658939646
11.5000000000,58.5000000000,0.1712875473,0.3093862737,0.5193261790
11.5000000000,59.5000000000,0.2321162230,0.2763859949,0.4914977822
11.5000000000,60.5000000000,0.2883821879,0.2365853817,0.4750324304
11.5000000000,61.5000000000,0.3235979847,0.1972385432,0.4791634720
11.5000000000,62.5000000000,0.3201722913,0.1827254859,0.4971022228
11.5000000000,63.5000000000,0.2755040248,0.2053768681,0.5191191070
11.5000000000,64.5000000000,0.2385762350,0.2202349221,0.5411888429
11.5000000000,65.5000000000,0.2086158835,0.2281181562,0.5632659602
12.5000000000,37.5000000000,0.1753703477,0.1268386268,0.6977910254
12.5000000000,38.5000000000,0.2036867194,0.1555427026,0.6407705780
12.5000000000,41.5000000000,0.3214287809,0.2420223974,0.4365488216
12.5000000000,42.5000000000,0.3513446981,0.2145498437,0.4341054582
12.5000000000,43.5000000000,0.3839968387,0.2007366343,0.4152665270
12.5000000000,44.5000000000,0.3674837271,0.2164916590,0.4160246139
12.5000000000,45.5000000000,0.3784586485,0.1956386349,0.4259027166
12.5000000000,46.5000000000,0.5020465384,0.1052080766,0.3927453850
12.5000000000,47.5000000000,0.4932719319,0.1106454596,0.3960826085
12.5000000000,48.5000000000,0.3838836308,0.1776372838,0.4384790853
12.5000000000,49.5000000000,0.3971514627,0.1580612893,0.4447872481
12.5000000000,50.5000000000,0.3313527859,0.1683588318,0.5002883823
12.5000000000,51.5000000000,0.2207476672,0.2161049923,0.5631473405
12.5000000000,52.5000000000,0.1888416747,0.2167724672,0.5943858581
12.5000000000,53.5000000000,0.1368166762,0.2339534037,0.6292299201
12.5000000000,54.5000000000,0.1084259770,0.2573941118,0.6341799112
12.5000000000,55.5000000000,0.0973222247,0.2960962263,0.6065815489
12.5000000000,56.5000000000,0.1143235580,0.3121956216,0.5734808204
12.5000000000,57.5000000000,0.1551472149,0.3097700478,0.5350827373
12.5000000000,58.5000000000,0.2070932660,0.3094987690,0.4834079651
12.5000000000,59.5000000000,0.2703177794,0.2712794006,0.4584028199
12.5000000000,60.5000000000,0.3194302901,0.2260702759,0.4544994341
12.5000000000,61.5000000000,0.3355004966,0.1930644167,0.4714350867
12.5000000000,62.5000000000,0.3358514284,0.1801044165,0.4840441551
12.5000000000,63.5000000000,0.3045121152,0.1928623349,0.5026255498
12.5000000000,64.5000000000,0.2651031098,0.2098821701,0.5250147201
12.5000000000,65.5000000000,0.2287955018,0.2191420350,0.5520624632
12.5000000000,66.5000000000,0.1920640348,0.2306734556,0.5772625096
12.5000000000,67.5000000000,0.1766685945,0.2315985541,0.5917328513
13.5000000000,37.5000000000,0.1972521053,0.1272463574,0.6755015373
13.5000000000,38.5000000000,0.2044665112,0.1661714812,0.6293620077
13.5000000000,41.5000000000,0.3323993855,0.2134428365,0.4541577780
13.5000000000,42.5000000000,0.3776123099,0.1866118772,0.4357758129
13.5000000000,43.5000000000,0.3522902189,0.2221444367,0.4255653444
13.5000000000,44.5000000000,0.3664272423,0.2149305714,0.4186421864
13.5000000000,45.5000000000,0.4001760639,0.1877560315,0.4120679047
13.5000000000,46.5000000000,0.5004048282,0.1207734345,0.3788217373
13.5000000000,47.5000000000,0.5526106708,0.1010091594,0.3463801698
13.5000000000,48.5000000000,0.4821892914,0.1496837165,0.3681269921
13.5000000000,49.5000000000,0.4755212257,0.1423275820,0.3821511923
13.5000000000,50.5000000000,0.3901940735,0.1591488545,0.4506570719
13.5000000000,51.5000000000,0.2757403095,0.2017242398,0.5225354507
13.5000000000,52.5000000000,0.2173779738,0.2048427681,0.5777792581
13.5000000000,53.5000000000,0.1576244860,0.2246635319,0.6177119821
13.5000000000,54.5000000000,0.1372809406,0.2461664008,0.6165526586
13.5000000000,55.5000000000,0.1259425105,0.2834083436,0.5906491460
13.5000000000,56.5000000000,0.1563274363,0.2938967324,0.5497758313
13.5000000000,57.5000000000,0.2247169844,0.2812002799,0.4940827356
13.5000000000,58.5000000000,0.2758020654,0.2882987425,0.4358991921
13.5000000000,59.5000000000,0.3208922564,0.2639739517,0.4151337919
13.5000000000,60.5000000000,0.3600427919,0.2165183233,0.4234388849
13.5000000000,61.5000000000,0.3605153085,0.1914215776,0.4480631140
13.5000000000,62.5000000000,0.3658678220,0.1873323782,0.4467997997
13.5000000000,63.5000000000,0.3445908058,0.1983240017,0.4570851924
13.5000000000,64.5000000000,0.3071696922,0.2024654782,0.4903648297
13.5000000000,65.5000000000,0.2591802677,0.2049234381,0.5358962942
13.5000000000,66.5000000000,0.2068826031,0.2198051606,0.5733122363
13.5000000000,67.5000000000,0.1759165103,0.2392144764,0.5848690134
13.5000000000,68.5000000000,0.1635707009,0.2462037764,0.5902255227
14.5000000000,35.5000000000,0.1802736930,0.1307054253,0.6890208817
14.5000000000,36.5000000000,0.1772338346,0.1409425888,0.6818235766
14.5000000000,37.5000000000,0.2190260871,0.1295703594,0.6514035534
14.5000000000,38.5000000000,0.2303569009,0.1651719555,0.6044711436
14.5000000000,40.5000000000,0.2814663665,0.2106520314,0.5078816021
14.5000000000,41.5000000000,0.3347416829,0.1951284980,0.4701298191
14.5000000000,42.5000000000,0.3068526272,0.2358652475,0.4572821253
14.5000000000,44.5000000000,0.3446600690,0.2161480113,0.4391919196
14.5000000000,45.5000000000,0.4025722041,0.1698565710,0.4275712249
14.5000000000,46.5000000000,0.4630964952,0.1355866230,0.4013168818
14.5000000000,47.5000000000,0.5317411380,0.1037237451,0.3645351168
14.5000000000,48.5000000000,0.4662412989,0.1425986142,0.3911600869
14.5000000000,49.5000000000,0.4423503242,0.1494993317,0.4081503441
14.5000000000,50.5000000000,0.3870798721,0.1708360589,0.4420840690
14.5000000000,51.5000000000,0.3177905564,0.1904705955,0.4917388481
14.5000000000,52.5000000000,0.2372558379,0.1987598583,0.5639843038
14.5000000000,53.5000000000,0.1781161676,0.2080500911,0.6138337413
14.5000000000,54.5000000000,0.1402624967,0.2464700086,0.6132674947
14.5000000000,55.5000000000,0.1573291260,0.2596536262,0.5830172478
14.5000000000,56.5000000000,0.1993611449,0.2702062094,0.5304326458
14.5000000000,57.5000000000,0.2787833746,0.2539085809,0.4673080445
14.5000000000,58.5000000000,0.3325849709,0.2598976902,0.4075173389
14.5000000000,59.5000000000,0.3955519309,0.2377700813,0.3666779878
14.5000000000,60.5000000000,0.4202207922,0.2115261261,0.3682530817
14.5000000000,61.5000000000,0.4255255262,0.1945251864,0.3799492874
14.5000000000,62.5000000000,0.4143847671,0.1993569038,0.3862583291
14.5000000000,63.5000000000,0.3914596818,0.2107326055,0.3978077127
14.5000000000,64.5000000000,0.3492419682,0.2035458934,0.4472121383
14.5000000000,65.5000000000,0.2926851549,0.2001380257,0.5071768194
14.5000000000,66.5000000000,0.2321647383,0.2057168481,0.5621184136
14.5000000000,67.5000000000,0.1854545493,0.2470647884,0.5674806623
14.5000000000,68.5000000000,0.1697311079,0.2584323589,0.5718365332
15.5000000000,36.5000000000,0.1990565991,0.1486006429,0.6523427580
15.5000000000,37.5000000000,0.2179513654,0.1547707187,0.6272779159
15.5000000000,38.5000000000,0.2467754088,0.1651487045,0.5880758867
15.5000000000,39.5000000000,0.2320310914,0.2061690743,0.5617998342
15.5000000000,40.5000000000,0.3006586332,0.1786011215,0.5207402454
15.5000000000,41.5000000000,0.2757413671,0.2223440236,0.5019146093
15.5000000000,43.5000000000,0.2807479370,0.2433345130,0.4759175500
15.5000000000,44.5000000000,0.3530545792,0.1858610010,0.4610844197
15.5000000000,45.5000000000,0.3660949032,0.1798317568,0.4540733400
15.5000000000,46.5000000000,0.3924558425,0.1575639319,0.4499802256
15.5000000000,47.5000000000,0.4494132570,0.1223625587,0.4282241844
15.5000000000,48.5000000000,0.4052169503,0.1505589672,0.4442240825
15.5000000000,49.5000000000,0.4457004586,0.1403597955,0.4139397459
15.5000000000,50.5000000000,0.4126107657,0.1530288740,0.4343603603
15.5000000000,51.5000000000,0.3388799814,0.1777924230,0.4833275956
15.5000000000,52.5000000000,0.2760678374,0.1860634702,0.5378686924
15.5000000000,53.5000000000,0.2179599370,0.2006383831,0.5814016799
15.5000000000,54.5000000000,0.1739447788,0.2231803870,0.6028748342
15.5000000000,55.5000000000,0.1894604784,0.2258157723,0.5847237492
15.5000000000,56.5000000000,0.2250165871,0.2318353618,0.5431480511
15.5000000000,57.5000000000,0.3037924839,0.2280136615,0.4681938547
15.5000000000,58.5000000000,0.3571564908,0.2413743562,0.4014691530
15.5000000000,59.5000000000,0.4208353425,0.2321766503,0.3469880073
15.5000000000,60.5000000000,0.4764389236,0.2075563578,0.3160047187
15.5000000000,61.5000000000,0.4752209103,0.1976138977,0.3271651920
15.5000000000,62.5000000000,0.4567990775,0.1994244824,0.3437764401
15.5000000000,63.5000000000,0.4225560559,0.2102446072,0.3671993369
15.5000000000,64.5000000000,0.3693040909,0.2162647356,0.4144311734
15.5000000000,65.5000000000,0.3174944163,0.2120520071,0.4704535766
15.5000000000,66.5000000000,0.2678618754,0.2115895505,0.5205485741
15.5000000000,67.5000000000,0.2112982096,0.2528490628,0.5358527276
15.5000000000,68.5000000000,0.1822179515,0.2761432641,0.5416387844
15.5000000000,69.5000000000,0.1696848683,0.2939561227,0.5363590090
16.5000000000,37.5000000000,0.2053503705,0.1783056989,0.6163439306
16.5000000000,38.5000000000,0.2435482592,0.1745378061,0.5819139347
16.5000000000,39.5000000000,0.2738788333,0.1715986769,0.5545224897
16.5000000000,40.5000000000,0.2646799582,0.2009901253,0.5343299165
16.5000000000,41.5000000000,0.2359775097,0.2423008872,0.5217216031
16.5000000000,42.5000000000,0.2448546942,0.2497983513,0.5053469545
16.5000000000,43.5000000000,0.2853784420,0.2181268806,0.4964946774
16.5000000000,44.5000000000,0.3377535500,0.1762657931,0.4859806569
16.5000000000,45.5000000000,0.3410650743,0.1806631743,0.4782717514
16.5000000000,46.5000000000,0.3343680831,0.1726399454,0.4929919715
16.5000000000,47.5000000000,0.3306463198,0.1619626061,0.5073910741
16.5000000000,48.5000000000,0.3157711470,0.1666037061,0.5176251469
16.5000000000,49.5000000000,0.3983112480,0.1446113121,0.4570774399
16.5000000000,50.5000000000,0.4202994078,0.1474346942,0.4322658981
16.5000000000,51.5000000000,0.3315852758,0.1773814701,0.4910332542
16.5000000000,52.5000000000,0.2803944844,0.1786305104,0.5409750052
16.5000000000,53.5000000000,0.2474405380,0.1778461945,0.5747132675
16.5000000000,54.5000000000,0.2075504833,0.1887382693,0.6037112474
16.5000000000,56.5000000000,0.2184633779,0.2155500953,0.5659865268
16.5000000000,57.5000000000,0.2930437611,0.2204567931,0.4864994457
16.5000000000,58.5000000000,0.3652888019,0.2265048165,0.4082063816
16.5000000000,59.5000000000,0.4269742335,0.2208184684,0.3522072982
16.5000000000,60.5000000000,0.4814998915,0.2027017468,0.3157983617
16.5000000000,61.5000000000,0.4863711937,0.1981773196,0.3154514868
16.5000000000,62.5000000000,0.4762822535,0.1955045202,0.3282132264
16.5000000000,63.5000000000,0.4383900157,0.2107762934,0.3508336909
16.5000000000,64.5000000000,0.3930195441,0.2206664555,0.3863140004
16.5000000000,65.5000000000,0.3419710920,0.2290493176,0.4289795905
16.5000000000,66.5000000000,0.3010498125,0.2303843710,0.4685658165
16.5000000000,67.5000000000,0.2575155187,0.2473262883,0.4951581930
16.5000000000,68.5000000000,0.2029905269,0.2976317493,0.4993777239
16.5000000000,69.5000000000,0.1836533512,0.3208387803,0.4955078685
17.5000000000,38.5000000000,0.2204947494,0.1993915094,0.5801137412
17.5000000000,39.5000000000,0.2388694484,0.2069238759,0.5542066757
17.5000000000,40.5000000000,0.2288007213,0.2274812680,0.5437180107
17.5000000000,41.5000000000,0.2193178681,0.2489719772,0.5317101547
17.5000000000,42.5000000000,0.2335980594,0.2455232845,0.5208786561
17.5000000000,43.5000000000,0.3053839821,0.1851513792,0.5094646387
17.5000000000,44.5000000000,0.3167314392,0.1783043215,0.5049642393
17.5000000000,45.5000000000,0.2940437706,0.1957728708,0.5101833586
17.5000000000,46.5000000000,0.2990328058,0.1821525237,0.5188146704
17.5000000000,47.5000000000,0.2786526753,0.1792445013,0.5421028234
17.5000000000,48.5000000000,0.2824998513,0.1681776701,0.5493224785
17.5000000000,49.5000000000,0.3401556369,0.1543326705,0.5055116927
17.5000000000,50.5000000000,0.3523999356,0.1584846962,0.4891153682
17.5000000000,51.5000000000,0.3114953365,0.1671219727,0.5213826908
17.5000000000,52.5000000000,0.2729383253,0.1669893441,0.5600723306
17.5000000000,53.5000000000,0.2513170705,0.1675388329,0.5811440965
17.5000000000,54.5000000000,0.2193825239,0.1715001535,0.6091173226
17.5000000000,57.5000000000,0.2912061074,0.2179309471,0.4908629454
17.5000000000,58.5000000000,0.3614766785,0.2186320553,0.4198912662
17.5000000000,59.5000000000,0.4142645634,0.2157113467,0.3700240899
17.5000000000,60.5000000000,0.4574395164,0.2072663444,0.3352941392
17.5000000000,61.5000000000,0.4653736227,0.2069980895,0.3276282878
17.5000000000,62.5000000000,0.4667343331,0.2028073774,0.3304582895
17.5000000000,63.5000000000,0.4462682693,0.2095561248,0.3441756059
17.5000000000,64.5000000000,0.4146714643,0.2198045084,0.3655240273
