Lon,Lat,C_KK10LonLatElev,B_KK10LonLatElev,U_KK10LonLatElev
-10.5000000000,51.5000000000,0.1378905218,0.2637592384,0.5983502398
-10.5000000000,52.5000000000,0.1343534166,0.2606646313,0.6049819521
-10.5000000000,53.5000000000,0.1289303257,0.2592794107,0.6117902636
-10.5000000000,54.5000000000,0.1196384924,0.2494132855,0.6309482221
-9.5000000000,38.5000000000,0.1761230896,0.1768049383,0.6470719721
-9.5000000000,39.5000000000,0.1717954090,0.1836881652,0.6445164258
-9.5000000000,42.5000000000,0.1588010020,0.2084017100,0.6327972881
-9.5000000000,43.5000000000,0.1554182046,0.2152824661,0.6292993293
-9.5000000000,51.5000000000,0.1363675501,0.2608734186,0.6027590313
-9.5000000000,52.5000000000,0.1358920554,0.2660126724,0.5980952721
-9.5000000000,53.5000000000,0.1268174253,0.2585820301,0.6146005446
-9.5000000000,54.5000000000,0.1150555832,0.2447070833,0.6402373335
-8.5000000000,37.5000000000,0.1861422207,0.1628010605,0.6510567188
-8.5000000000,38.5000000000,0.1793129268,0.1696479372,0.6510391360
-8.5000000000,39.5000000000,0.1758514096,0.1716718442,0.6524767463
-8.5000000000,40.5000000000,0.1710874996,0.1772993916,0.6516131088
-8.5000000000,41.5000000000,0.1688616199,0.1819033440,0.6492350361
-8.5000000000,42.5000000000,0.1669329065,0.1844420501,0.6486250434
-8.5000000000,43.5000000000,0.1574120349,0.2061980432,0.6363899219
-8.5000000000,51.5000000000,0.1253046277,0.2557852343,0.6189101380
-8.5000000000,52.5000000000,0.1254388275,0.2520145393,0.6225466332
-8.5000000000,53.5000000000,0.1126955613,0.2440242956,0.6432801431
-8.5000000000,54.5000000000,0.1031515719,0.2283248743,0.6685235538
-8.5000000000,55.5000000000,0.0950807930,0.2223536902,0.6825655169
-7.5000000000,37.5000000000,0.1882979460,0.1572434192,0.6544586347
-7.5000000000,38.5000000000,0.1847732683,0.1576131047,0.6576136270
-7.5000000000,39.5000000000,0.1808956329,0.1586428010,0.6604615661
-7.5000000000,40.5000000000,0.1820163150,0.1460471877,0.6719364973
-7.5000000000,41.5000000000,0.1783272903,0.1540639052,0.6676088045
-7.5000000000,42.5000000000,0.1771211459,0.1570618716,0.6658169826
-7.5000000000,43.5000000000,0.1623687356,0.1894612573,0.6481700071
-7.5000000000,51.5000000000,0.1083500645,0.2402868995,0.6513630360
-7.5000000000,52.5000000000,0.1032116861,0.2248618704,0.6719264435
-7.5000000000,53.5000000000,0.0942018715,0.2203965998,0.6854015286
-7.5000000000,54.5000000000,0.0881078088,0.2080551590,0.7038370322
-7.5000000000,55.5000000000,0.0838005374,0.2108684514,0.7053310112
-7.5000000000,57.5000000000,0.0854669294,0.2047815054,0.7097515652
-7.5000000000,58.5000000000,0.0888917205,0.2086334958,0.7024747836
-7.5000000000,62.5000000000,0.1033595888,0.2493976661,0.6472427451
-6.5000000000,35.5000000000,0.1975487325,0.1548791174,0.6475721501
-6.5000000000,36.5000000000,0.1927587889,0.1585062360,0.6487349751
-6.5000000000,37.5000000000,0.1927454043,0.1503779301,0.6568766656
-6.5000000000,38.5000000000,0.1927850524,0.1435402586,0.6636746890
-6.5000000000,39.5000000000,0.1849380366,0.1536426289,0.6614193345
-6.5000000000,40.5000000000,0.1876304644,0.1398273209,0.6725422147
-6.5000000000,41.5000000000,0.1847255461,0.1449828607,0.6702915932
-6.5000000000,42.5000000000,0.1911561131,0.1310335746,0.6778103123
-6.5000000000,43.5000000000,0.1650135434,0.1807269107,0.6542595459
-6.5000000000,52.5000000000,0.0883663381,0.2201592543,0.6914744075
-6.5000000000,53.5000000000,0.0813089205,0.2128133887,0.7058776908
-6.5000000000,54.5000000000,0.0744378410,0.2016726411,0.7238895179
-6.5000000000,55.5000000000,0.0749484900,0.2076164426,0.7174350674
-6.5000000000,56.5000000000,0.0777113778,0.2053768294,0.7169117928
-6.5000000000,57.5000000000,0.0824538024,0.2006340220,0.7169121756
-6.5000000000,58.5000000000,0.0878692099,0.2085087417,0.7036220484
-6.5000000000,61.5000000000,0.0998202512,0.2412370011,0.6589427477
-6.5000000000,62.5000000000,0.1027728479,0.2515318014,0.6456953507
-5.5000000000,35.5000000000,0.2078695342,0.1335965686,0.6585338972
-5.5000000000,36.5000000000,0.2039176219,0.1378772722,0.6582051059
-5.5000000000,37.5000000000,0.1980223657,0.1455206412,0.6564569931
-5.5000000000,38.5000000000,0.2006201846,0.1337705936,0.6656092218
-5.5000000000,39.5000000000,0.1932418591,0.1421256998,0.6646324411
-5.5000000000,40.5000000000,0.2011156477,0.1195873579,0.6792969944
-5.5000000000,41.5000000000,0.1908756339,0.1387612509,0.6703631153
-5.5000000000,42.5000000000,0.1897146136,0.1349199656,0.6753654209
-5.5000000000,43.5000000000,0.1656798001,0.1761900214,0.6581301785
-5.5000000000,50.5000000000,0.0953686514,0.2273546163,0.6772767323
-5.5000000000,51.5000000000,0.0894580173,0.2317603006,0.6787816820
-5.5000000000,54.5000000000,0.0679307007,0.2174469865,0.7146223127
-5.5000000000,55.5000000000,0.0710615761,0.2158159612,0.7131224627
-5.5000000000,56.5000000000,0.0778448584,0.2041057703,0.7180493713
-5.5000000000,57.5000000000,0.0856707852,0.1987188980,0.7156103167
-5.5000000000,58.5000000000,0.0895882862,0.2196702504,0.6907414635
-4.5000000000,35.5000000000,0.2088677191,0.1358420274,0.6552902535
-4.5000000000,36.5000000000,0.2062733208,0.1369020140,0.6568246652
-4.5000000000,37.5000000000,0.2093721391,0.1266872189,0.6639406419
-4.5000000000,38.5000000000,0.2077989138,0.1227974850,0.6694036011
-4.5000000000,39.5000000000,0.2033377380,0.1241044453,0.6725578166
-4.5000000000,40.5000000000,0.2052025524,0.1168832814,0.6779141662
-4.5000000000,41.5000000000,0.1974812581,0.1290543747,0.6734643672
-4.5000000000,42.5000000000,0.1942531859,0.1294452020,0.6763016120
-4.5000000000,43.5000000000,0.1671553720,0.1720781221,0.6607665058
-4.5000000000,47.5000000000,0.1097912963,0.2058025714,0.6844061323
-4.5000000000,48.5000000000,0.1018227529,0.2095264765,0.6886507707
-4.5000000000,50.5000000000,0.0939447138,0.2241060632,0.6819492229
-4.5000000000,51.5000000000,0.0887688824,0.2367025129,0.6745286046
-4.5000000000,52.5000000000,0.0843660146,0.2483310138,0.6673029716
-4.5000000000,53.5000000000,0.0772597053,0.2497427316,0.6729975631
-4.5000000000,54.5000000000,0.0724963834,0.2427501129,0.6847535037
-4.5000000000,55.5000000000,0.0755119899,0.2286838656,0.6958041445
-4.5000000000,56.5000000000,0.0817873830,0.2045553299,0.7136572871
-4.5000000000,57.5000000000,0.0872831020,0.2072550275,0.7054618705
-4.5000000000,58.5000000000,0.0920370149,0.2265855947,0.6813773905
-3.5000000000,35.5000000000,0.2124514566,0.1337571034,0.6537914401
-3.5000000000,36.5000000000,0.2114438505,0.1291670160,0.6593891335
-3.5000000000,37.5000000000,0.2274571872,0.0970550082,0.6754878047
-3.5000000000,38.5000000000,0.2144331857,0.1129065000,0.6726603143
-3.5000000000,39.5000000000,0.2083789577,0.1157019910,0.6759190513
-3.5000000000,40.5000000000,0.2041240372,0.1164467723,0.6794291905
-3.5000000000,41.5000000000,0.2064453426,0.1103952535,0.6831594039
-3.5000000000,42.5000000000,0.1977900852,0.1258520966,0.6763578182
-3.5000000000,43.5000000000,0.1652055140,0.1734708959,0.6613235901
-3.5000000000,47.5000000000,0.1093025915,0.1985952216,0.6921021869
-3.5000000000,48.5000000000,0.1028022580,0.1983031230,0.6988946190
-3.5000000000,50.5000000000,0.0945547130,0.2267801447,0.6786651423
-3.5000000000,51.5000000000,0.0935626253,0.2388181041,0.6676192706
-3.5000000000,52.5000000000,0.0943570233,0.2485781380,0.6570648387
-3.5000000000,53.5000000000,0.0837443592,0.2697835940,0.6464720468
-3.5000000000,54.5000000000,0.0795226538,0.2653109170,0.6551664292
-3.5000000000,55.5000000000,0.0807854434,0.2427898284,0.6764247283
-3.5000000000,56.5000000000,0.0819650239,0.2292993739,0.6887356022
-3.5000000000,57.5000000000,0.0861718676,0.2269198718,0.6869082606
-3.5000000000,58.5000000000,0.0894119118,0.2430868490,0.6675012393
-3.5000000000,59.5000000000,0.0917441682,0.2487676084,0.6594882233
-2.5000000000,35.5000000000,0.2137737317,0.1329588772,0.6532673911
-2.5000000000,36.5000000000,0.2125853120,0.1302644732,0.6571502148
-2.5000000000,37.5000000000,0.2329962227,0.0895941619,0.6774096155
-2.5000000000,38.5000000000,0.2276751969,0.0921345578,0.6801902453
-2.5000000000,39.5000000000,0.2134101184,0.1040591947,0.6825306869
-2.5000000000,40.5000000000,0.2105407257,0.1008380103,0.6886212639
-2.5000000000,41.5000000000,0.2063498939,0.1029786233,0.6906714828
-2.5000000000,42.5000000000,0.1966664749,0.1255387349,0.6777947903
-2.5000000000,43.5000000000,0.1616598626,0.1700182472,0.6683218902
-2.5000000000,46.5000000000,0.1197587097,0.1891795751,0.6910617152
-2.5000000000,47.5000000000,0.1104379590,0.1917022289,0.6978598121
-2.5000000000,48.5000000000,0.1030036037,0.1971445394,0.6998518568
-2.5000000000,49.5000000000,0.0968315127,0.2135867722,0.6895817151
-2.5000000000,50.5000000000,0.0945740924,0.2282618614,0.6771640462
-2.5000000000,51.5000000000,0.0933387843,0.2446481905,0.6620130251
-2.5000000000,52.5000000000,0.0928376916,0.2665276986,0.6406346098
-2.5000000000,53.5000000000,0.0888108037,0.2791957592,0.6319934371
-2.5000000000,54.5000000000,0.0899394549,0.2669460016,0.6431145435
-2.5000000000,55.5000000000,0.0863191249,0.2660011319,0.6476797432
-2.5000000000,56.5000000000,0.0835158116,0.2686234787,0.6478607097
-2.5000000000,57.5000000000,0.0867894289,0.2551526316,0.6580579395
-2.5000000000,58.5000000000,0.0885336932,0.2598929221,0.6515733847
-1.5000000000,35.5000000000,0.2190748838,0.1272972804,0.6536278357
-1.5000000000,36.5000000000,0.2122737077,0.1332771800,0.6544491123
-1.5000000000,37.5000000000,0.2137973092,0.1216664223,0.6645362685
-1.5000000000,38.5000000000,0.2187925835,0.1044542036,0.6767532128
-1.5000000000,39.5000000000,0.2146218881,0.0976062884,0.6877718236
-1.5000000000,40.5000000000,0.2182857107,0.0860241719,0.6956901174
-1.5000000000,41.5000000000,0.1977487749,0.1145601052,0.6876911199
-1.5000000000,42.5000000000,0.1854492290,0.1319355570,0.6826152140
-1.5000000000,43.5000000000,0.1576297530,0.1566363135,0.6857339334
-1.5000000000,44.5000000000,0.1416840499,0.1729569895,0.6853589606
-1.5000000000,45.5000000000,0.1310132367,0.1783444818,0.6906422815
-1.5000000000,46.5000000000,0.1217012769,0.1813262781,0.6969724450
-1.5000000000,47.5000000000,0.1129930359,0.1854158675,0.7015910966
-1.5000000000,48.5000000000,0.1060273817,0.1915232425,0.7024493758
-1.5000000000,49.5000000000,0.0990384131,0.2051459811,0.6958156058
-1.5000000000,50.5000000000,0.0952796652,0.2221425057,0.6825778291
-1.5000000000,51.5000000000,0.0950034433,0.2345508831,0.6704456736
-1.5000000000,52.5000000000,0.0945818722,0.2627068741,0.6427112537
-1.5000000000,53.5000000000,0.0936911503,0.2790359582,0.6272728915
-1.5000000000,54.5000000000,0.0931851961,0.2953445934,0.6114702104
-1.5000000000,55.5000000000,0.0892162851,0.2973640759,0.6134196390
-1.5000000000,57.5000000000,0.0883348310,0.2770348907,0.6346302783
-1.5000000000,59.5000000000,0.0908529565,0.2633965455,0.6457504979
-1.5000000000,60.5000000000,0.0915516132,0.2602162074,0.6482321794
-0.5000000000,35.5000000000,0.2293158858,0.1174413244,0.6532427898
-0.5000000000,37.5000000000,0.2119882581,0.1334311221,0.6545806198
-0.5000000000,38.5000000000,0.2132663941,0.1172030865,0.6695305194
-0.5000000000,39.5000000000,0.2034180722,0.1171485123,0.6794334155
-0.5000000000,40.5000000000,0.2159171720,0.0925705619,0.6915122662
-0.5000000000,41.5000000000,0.1933477661,0.1290054653,0.6776467685
-0.5000000000,42.5000000000,0.2004425041,0.1040687553,0.6954887406
-0.5000000000,43.5000000000,0.1623932769,0.1507573691,0.6868493541
-0.5000000000,44.5000000000,0.1458162783,0.1642660017,0.6899177200
-0.5000000000,45.5000000000,0.1353186403,0.1701191068,0.6945622530
-0.5000000000,46.5000000000,0.1269191783,0.1706281852,0.7024526366
-0.5000000000,47.5000000000,0.1168498450,0.1781677579,0.7049823971
-0.5000000000,48.5000000000,0.1108216456,0.1770756737,0.7121026807
-0.5000000000,49.5000000000,0.1018185483,0.1955921759,0.7025892759
-0.5000000000,50.5000000000,0.0974641680,0.2102496460,0.6922861859
-0.5000000000,51.5000000000,0.0969179283,0.2258821830,0.6771998887
-0.5000000000,52.5000000000,0.0967477301,0.2581996656,0.6450526044
-0.5000000000,53.5000000000,0.0947404730,0.2829738679,0.6222856591
-0.5000000000,54.5000000000,0.0947762923,0.2953517366,0.6098719711
-0.5000000000,60.5000000000,0.0933746948,0.2703268300,0.6362984752
0.5000000000,35.5000000000,0.2403481356,0.1109557385,0.6486961259
0.5000000000,36.5000000000,0.2251658662,0.1320471255,0.6427870083
0.5000000000,38.5000000000,0.2128859074,0.1376227514,0.6494913412
0.5000000000,40.5000000000,0.2030454405,0.1339616275,0.6629929320
0.5000000000,41.5000000000,0.1992252000,0.1336374616,0.6671373383
0.5000000000,42.5000000000,0.2124491603,0.0930938147,0.6944570249
0.5000000000,43.5000000000,0.1713989204,0.1465904699,0.6820106097
0.5000000000,44.5000000000,0.1540307654,0.1587881855,0.6871810491
0.5000000000,45.5000000000,0.1443377054,0.1591228672,0.6965394274
0.5000000000,46.5000000000,0.1339262977,0.1650538591,0.7010198432
0.5000000000,47.5000000000,0.1242858617,0.1706440339,0.7050701044
0.5000000000,48.5000000000,0.1171080772,0.1699753817,0.7129165411
0.5000000000,49.5000000000,0.1077851180,0.1821688462,0.7100460358
0.5000000000,50.5000000000,0.1013318104,0.1999852669,0.6986829228
0.5000000000,51.5000000000,0.1023276938,0.2212089901,0.6764633161
0.5000000000,52.5000000000,0.1031310788,0.2541922909,0.6426766303
0.5000000000,53.5000000000,0.1006342137,0.2752379835,0.6241278028
1.5000000000,35.5000000000,0.2593019431,0.0962800863,0.6444179706
1.5000000000,36.5000000000,0.2365181169,0.1305520825,0.6329298007
1.5000000000,38.5000000000,0.2227110546,0.1457012891,0.6315876564
1.5000000000,39.5000000000,0.2165510999,0.1476557652,0.6357931350
1.5000000000,41.5000000000,0.2097225757,0.1345235462,0.6557538780
1.5000000000,42.5000000000,0.2247726390,0.0912063949,0.6840209661
1.5000000000,43.5000000000,0.1811746400,0.1484792207,0.6703461392
1.5000000000,44.5000000000,0.1677389645,0.1496211212,0.6826399143
1.5000000000,45.5000000000,0.1606638949,0.1444765281,0.6948595770
1.5000000000,46.5000000000,0.1477872115,0.1566124200,0.6956003685
1.5000000000,47.5000000000,0.1352487070,0.1666452838,0.6981060092
1.5000000000,48.5000000000,0.1261024702,0.1674052583,0.7064922716
1.5000000000,49.5000000000,0.1163102799,0.1727593490,0.7109303712
1.5000000000,50.5000000000,0.1094195799,0.1924226607,0.6981577594
1.5000000000,51.5000000000,0.1078989954,0.2154564499,0.6766445546
1.5000000000,52.5000000000,0.1080550750,0.2411062022,0.6508387228
2.5000000000,35.5000000000,0.2661570223,0.1035625164,0.6302804614
2.5000000000,36.5000000000,0.2472162021,0.1306316490,0.6221521489
2.5000000000,39.5000000000,0.2285546405,0.1551366370,0.6163087225
2.5000000000,41.5000000000,0.2176106785,0.1535695089,0.6288198126
2.5000000000,42.5000000000,0.2233580503,0.1251494651,0.6514924846
2.5000000000,43.5000000000,0.2008425323,0.1430827494,0.6560747183
2.5000000000,44.5000000000,0.1934551503,0.1306433026,0.6759015471
2.5000000000,45.5000000000,0.1881069794,0.1248893651,0.6870036555
2.5000000000,46.5000000000,0.1671908943,0.1540824338,0.6787266719
2.5000000000,47.5000000000,0.1531348980,0.1653120280,0.6815530740
2.5000000000,48.5000000000,0.1396911205,0.1699987199,0.6903101596
2.5000000000,49.5000000000,0.1262329872,0.1709171772,0.7028498356
2.5000000000,50.5000000000,0.1202198491,0.1854867322,0.6942934187
2.5000000000,51.5000000000,0.1156154077,0.2090522939,0.6753322984
3.5000000000,35.5000000000,0.2716281025,0.1120512918,0.6163206057
3.5000000000,36.5000000000,0.2578695701,0.1315925629,0.6105378670
3.5000000000,39.5000000000,0.2367735802,0.1688189658,0.5944074540
3.5000000000,40.5000000000,0.2324084488,0.1727019524,0.5948895987
3.5000000000,41.5000000000,0.2276825245,0.1752562148,0.5970612607
3.5000000000,42.5000000000,0.2227723831,0.1777340332,0.5994935837
3.5000000000,43.5000000000,0.2216139386,0.1678112120,0.6105748495
3.5000000000,44.5000000000,0.2375359288,0.1237368888,0.6387271824
3.5000000000,45.5000000000,0.2219817677,0.1378138173,0.6402044150
3.5000000000,46.5000000000,0.1981623520,0.1640146511,0.6378229969
3.5000000000,47.5000000000,0.1797512695,0.1662909447,0.6539577858
3.5000000000,48.5000000000,0.1606508252,0.1709444271,0.6684047477
3.5000000000,49.5000000000,0.1447998451,0.1743724681,0.6808276868
3.5000000000,50.5000000000,0.1341930050,0.1871132159,0.6786937791
3.5000000000,51.5000000000,0.1266015914,0.2058388664,0.6675595423
4.5000000000,35.5000000000,0.2710984088,0.1282132442,0.6006883470
4.5000000000,36.5000000000,0.2671796994,0.1326561500,0.6001641506
4.5000000000,39.5000000000,0.2457539713,0.1826070547,0.5716389739
4.5000000000,40.5000000000,0.2462568912,0.1868968177,0.5668462911
4.5000000000,43.5000000000,0.2483418111,0.1942198636,0.5574383253
4.5000000000,44.5000000000,0.2609168595,0.1697802214,0.5693029192
4.5000000000,45.5000000000,0.2606314150,0.1630926750,0.5762759100
4.5000000000,46.5000000000,0.2391434961,0.1743016940,0.5865548099
4.5000000000,47.5000000000,0.2188503393,0.1675140697,0.6136355909
4.5000000000,48.5000000000,0.1874833254,0.1782820549,0.6342346196
4.5000000000,49.5000000000,0.1678379559,0.1770834618,0.6550785822
4.5000000000,50.5000000000,0.1522114549,0.1848381870,0.6629503581
4.5000000000,51.5000000000,0.1390422749,0.2053752210,0.6555825041
4.5000000000,52.5000000000,0.1325942990,0.2189395151,0.6484661859
4.5000000000,53.5000000000,0.1272921166,0.2306959386,0.6420119448
4.5000000000,60.5000000000,0.1017323257,0.2822398493,0.6160278250
4.5000000000,61.5000000000,0.1012008314,0.2904180457,0.6083811228
5.5000000000,35.5000000000,0.2795684358,0.1282625421,0.5921690221
5.5000000000,36.5000000000,0.2703256119,0.1431377172,0.5865366709
5.5000000000,43.5000000000,0.2900090625,0.1915457494,0.5184451881
5.5000000000,44.5000000000,0.3246999711,0.1516508031,0.5236492259
5.5000000000,45.5000000000,0.3097123254,0.1753639639,0.5149237108
5.5000000000,46.5000000000,0.2905398485,0.1791079433,0.5303522082
5.5000000000,47.5000000000,0.2542835575,0.1850515073,0.5606649352
5.5000000000,48.5000000000,0.2196711904,0.1757260520,0.6046027576
5.5000000000,49.5000000000,0.1935208447,0.1748981625,0.6315809928
5.5000000000,50.5000000000,0.1723594427,0.1823286788,0.6453118785
5.5000000000,51.5000000000,0.1537260281,0.2057464134,0.6405275585
5.5000000000,52.5000000000,0.1435827210,0.2164997337,0.6399175453
5.5000000000,53.5000000000,0.1361001153,0.2266448383,0.6372550464
5.5000000000,58.5000000000,0.1107793714,0.2618358638,0.6273847648
5.5000000000,59.5000000000,0.1088341668,0.2664228936,0.6247429396
5.5000000000,60.5000000000,0.1114765837,0.2619629221,0.6265604942
5.5000000000,61.5000000000,0.1128985995,0.2652184120,0.6218829885
5.5000000000,62.5000000000,0.1053033360,0.3031885053,0.5915081587
6.5000000000,35.5000000000,0.2909768107,0.1218747487,0.5871484406
6.5000000000,36.5000000000,0.2689695023,0.1567948793,0.5742356184
6.5000000000,37.5000000000,0.2484385713,0.1998430010,0.5517184277
6.5000000000,43.5000000000,0.3249731447,0.1911878673,0.4838389880
6.5000000000,44.5000000000,0.3983862973,0.1097522006,0.4918615020
6.5000000000,45.5000000000,0.3987996909,0.1132567544,0.4879435547
6.5000000000,46.5000000000,0.3517162706,0.1585584634,0.4897252660
6.5000000000,47.5000000000,0.2986157522,0.1768385296,0.5245457182
6.5000000000,48.5000000000,0.2421214405,0.1798248491,0.5780537105
6.5000000000,49.5000000000,0.2109305003,0.1808884619,0.6081810378
6.5000000000,50.5000000000,0.1925328454,0.1782787514,0.6291884032
6.5000000000,51.5000000000,0.1690954538,0.2073809764,0.6235235698
6.5000000000,52.5000000000,0.1565687778,0.2167827835,0.6266484387
6.5000000000,53.5000000000,0.1467048489,0.2247997755,0.6284953756
6.5000000000,58.5000000000,0.1250907565,0.2375168243,0.6373924191
6.5000000000,59.5000000000,0.1322672810,0.2178035934,0.6499291256
6.5000000000,60.5000000000,0.1334101434,0.2239956302,0.6425942264
6.5000000000,61.5000000000,0.1294747711,0.2419074537,0.6286177752
6.5000000000,62.5000000000,0.1151194416,0.2931914228,0.5916891356
7.5000000000,35.5000000000,0.2835462503,0.1366325354,0.5798212143
7.5000000000,36.5000000000,0.2638767384,0.1743159728,0.5618072887
7.5000000000,37.5000000000,0.2463532948,0.2137517253,0.5398949799
7.5000000000,43.5000000000,0.3282961673,0.2269036808,0.4448001520
7.5000000000,44.5000000000,0.3856891688,0.1605585762,0.4537522550
7.5000000000,45.5000000000,0.4159588930,0.1243365069,0.4597046000
7.5000000000,46.5000000000,0.3970990781,0.1244890101,0.4784119118
7.5000000000,47.5000000000,0.3130723131,0.1806095068,0.5063181801
7.5000000000,48.5000000000,0.2600501730,0.1896411320,0.5503086950
7.5000000000,49.5000000000,0.2295911373,0.1837099500,0.5866989127
7.5000000000,50.5000000000,0.2053608795,0.1881513213,0.6064877992
7.5000000000,51.5000000000,0.1871507824,0.2005909413,0.6122582762
7.5000000000,52.5000000000,0.1698351160,0.2157918066,0.6143730775
7.5000000000,53.5000000000,0.1590636645,0.2245702851,0.6163660504
7.5000000000,58.5000000000,0.1368626722,0.2338079811,0.6293293467
7.5000000000,59.5000000000,0.1522505121,0.2033707445,0.6443787435
7.5000000000,60.5000000000,0.1581822679,0.1997653279,0.6420524042
7.5000000000,61.5000000000,0.1503063900,0.2274185481,0.6222750618
7.5000000000,62.5000000000,0.1334609029,0.2680654223,0.5984736748
7.5000000000,63.5000000000,0.1098037971,0.3297305415,0.5604656614
8.5000000000,35.5000000000,0.2735312665,0.1537412137,0.5727275198
8.5000000000,36.5000000000,0.2543881721,0.1895364149,0.5560754130
8.5000000000,37.5000000000,0.2403674514,0.2258312496,0.5338012990
8.5000000000,38.5000000000,0.2450138748,0.2329761124,0.5220100128
8.5000000000,39.5000000000,0.2571835551,0.2319323273,0.5108841176
8.5000000000,40.5000000000,0.2755144141,0.2330971505,0.4913884355
8.5000000000,41.5000000000,0.2888595092,0.2516037449,0.4595367459
8.5000000000,42.5000000000,0.3198877405,0.2440599851,0.4360522744
8.5000000000,43.5000000000,0.3387807492,0.2559246570,0.4052945938
8.5000000000,44.5000000000,0.3678346075,0.2273454226,0.4048199699
8.5000000000,45.5000000000,0.3673756347,0.2130642111,0.4195601542
8.5000000000,46.5000000000,0.4074521787,0.1195699287,0.4729778926
8.5000000000,47.5000000000,0.3267514942,0.1783646336,0.4948838721
8.5000000000,48.5000000000,0.2814148625,0.1799209069,0.5386642306
8.5000000000,49.5000000000,0.2369016362,0.2008791102,0.5622192536
8.5000000000,50.5000000000,0.2183725512,0.1918049537,0.5898224951
8.5000000000,51.5000000000,0.2039376276,0.1938755406,0.6021868318
8.5000000000,52.5000000000,0.1846198296,0.2161113494,0.5992688210
8.5000000000,53.5000000000,0.1721061901,0.2256927894,0.6022010205
8.5000000000,54.5000000000,0.1592896155,0.2290637574,0.6116466271
8.5000000000,55.5000000000,0.1469779723,0.2315182503,0.6215037774
8.5000000000,56.5000000000,0.1383655784,0.2395584874,0.6220759342
8.5000000000,57.5000000000,0.1379204833,0.2605598597,0.6015196570
8.5000000000,58.5000000000,0.1444713656,0.2645578585,0.5909707759
8.5000000000,59.5000000000,0.1612289232,0.2393402214,0.5994308554
8.5000000000,60.5000000000,0.1714726303,0.2274595932,0.6010677765
8.5000000000,61.5000000000,0.1751900541,0.2223265705,0.6024833753
8.5000000000,62.5000000000,0.1533153449,0.2559606115,0.5907240436
8.5000000000,63.5000000000,0.1179746497,0.3316806175,0.5503447328
9.5000000000,35.5000000000,0.2488481353,0.1891783570,0.5619735077
9.5000000000,36.5000000000,0.2416957587,0.2053207001,0.5529835412
9.5000000000,37.5000000000,0.2315715832,0.2344255670,0.5340028498
9.5000000000,39.5000000000,0.2534715627,0.2362810602,0.5102473772
9.5000000000,40.5000000000,0.2740927190,0.2340103534,0.4918969277
9.5000000000,41.5000000000,0.2891708431,0.2591323592,0.4516967977
9.5000000000,42.5000000000,0.3282797964,0.2516991859,0.4200210177
9.5000000000,44.5000000000,0.3988401643,0.2224731603,0.3786866754
9.5000000000,45.5000000000,0.3745364312,0.2261923787,0.3992711902
9.5000000000,46.5000000000,0.4177807348,0.1176088533,0.4646104119
9.5000000000,47.5000000000,0.3377481737,0.1697948522,0.4924569740
9.5000000000,48.5000000000,0.2898528236,0.1829947321,0.5271524443
9.5000000000,49.5000000000,0.2511320550,0.1938363368,0.5550316082
9.5000000000,50.5000000000,0.2316559015,0.1889587012,0.5793853973
9.5000000000,51.5000000000,0.2143980635,0.1980909328,0.5875110037
9.5000000000,52.5000000000,0.1971971984,0.2161143573,0.5866884444
9.5000000000,53.5000000000,0.1848999171,0.2240447365,0.5910553464
9.5000000000,54.5000000000,0.1727007914,0.2283105678,0.5989886408
9.5000000000,55.5000000000,0.1630068112,0.2328366519,0.6041565369
9.5000000000,56.5000000000,0.1559686860,0.2455440487,0.5984872653
9.5000000000,57.5000000000,0.1545803513,0.2696081117,0.5758115369
9.5000000000,58.5000000000,0.1568508353,0.2919119876,0.5512371771
9.5000000000,59.5000000000,0.1683879950,0.2864060432,0.5452059618
9.5000000000,60.5000000000,0.1801139400,0.2759775356,0.5439085244
9.5000000000,61.5000000000,0.1860141028,0.2658148398,0.5481710574
9.5000000000,62.5000000000,0.1724996964,0.2608293741,0.5666709295
9.5000000000,63.5000000000,0.1282188810,0.3378302841,0.5339508349
10.5000000000,35.5000000000,0.2245012170,0.2270807516,0.5484180314
10.5000000000,36.5000000000,0.2224978435,0.2319041431,0.5455980134
10.5000000000,37.5000000000,0.2207881431,0.2463411080,0.5328707489
10.5000000000,42.5000000000,0.3012086709,0.2900756676,0.4087156615
10.5000000000,43.5000000000,0.3659153819,0.2746311199,0.3594534983
10.5000000000,44.5000000000,0.4094423042,0.2320432158,0.3585144800
10.5000000000,45.5000000000,0.3825696467,0.2260131318,0.3914172215
10.5000000000,46.5000000000,0.4302186138,0.1074147964,0.4623665898
10.5000000000,47.5000000000,0.3590166908,0.1458971896,0.4950861196
10.5000000000,48.5000000000,0.2927446139,0.1899698622,0.5172855239
10.5000000000,49.5000000000,0.2586312087,0.1934789222,0.5478898691
10.5000000000,50.5000000000,0.2436239017,0.1881951884,0.5681809099
10.5000000000,51.5000000000,0.2301011810,0.1963819188,0.5735169003
10.5000000000,52.5000000000,0.2109609834,0.2172114417,0.5718275749
10.5000000000,53.5000000000,0.1975259185,0.2234160095,0.5790580720
10.5000000000,54.5000000000,0.1853026670,0.2294162659,0.5852810672
10.5000000000,55.5000000000,0.1772078247,0.2381061632,0.5846860121
10.5000000000,56.5000000000,0.1737801683,0.2542423206,0.5719775111
10.5000000000,57.5000000000,0.1739028402,0.2772814048,0.5488157550
10.5000000000,59.5000000000,0.1792468838,0.3181388757,0.5026142404
10.5000000000,60.5000000000,0.1884860545,0.3129912440,0.4985227015
10.5000000000,61.5000000000,0.1987035067,0.2885553527,0.5127411406
10.5000000000,62.5000000000,0.1805659509,0.2877301228,0.5317039263
10.5000000000,63.5000000000,0.1417187278,0.3402370178,0.5180442544
10.5000000000,64.5000000000,0.1247921408,0.3497449200,0.5254629392
11.5000000000,35.5000000000,0.2120800377,0.2374126365,0.5505073259
11.5000000000,36.5000000000,0.2101099576,0.2441547433,0.5457352991
11.5000000000,42.5000000000,0.2842087528,0.2891972825,0.4265939647
11.5000000000,43.5000000000,0.3441653525,0.2608007299,0.3950339176
11.5000000000,44.5000000000,0.3565071692,0.2686592617,0.3748335691
11.5000000000,45.5000000000,0.3582768022,0.2432816050,0.3984415927
11.5000000000,46.5000000000,0.3991966203,0.1439531881,0.4568501915
11.5000000000,47.5000000000,0.3593599658,0.1532332692,0.4874067650
11.5000000000,48.5000000000,0.2960433013,0.1998254539,0.5041312448
11.5000000000,49.5000000000,0.2675391324,0.1925588082,0.5399020594
11.5000000000,50.5000000000,0.2585778813,0.1889755753,0.5524465434
11.5000000000,51.5000000000,0.2417598381,0.2113758758,0.5468642861
11.5000000000,52.5000000000,0.2282081143,0.2227983907,0.5489934950
11.5000000000,53.5000000000,0.2135891926,0.2246661518,0.5617446556
11.5000000000,54.5000000000,0.1979894273,0.2287306658,0.5732799069
11.5000000000,55.5000000000,0.1918231594,0.2384401393,0.5697367013
11.5000000000,57.5000000000,0.1919427825,0.2833612344,0.5246959831
11.5000000000,58.5000000000,0.1964306305,0.3042929306,0.4992764389
11.5000000000,59.5000000000,0.1999833299,0.3181449792,0.4818716908
11.5000000000,60.5000000000,0.1990966823,0.3250342574,0.4758690604
11.5000000000,61.5000000000,0.2030300009,0.3043017659,0.4926682332
11.5000000000,62.5000000000,0.1921234091,0.2886694321,0.5192071588
11.5000000000,63.5000000000,0.1575633077,0.3274094974,0.5150271949
11.5000000000,64.5000000000,0.1338905841,0.3483604489,0.5177489669
11.5000000000,65.5000000000,0.1182552601,0.3556063995,0.5261383404
12.5000000000,37.5000000000,0.1995077163,0.2509643452,0.5495279385
12.5000000000,38.5000000000,0.1979009574,0.2650833389,0.5370157037
12.5000000000,41.5000000000,0.2226971400,0.2961257069,0.4811771531
12.5000000000,42.5000000000,0.2692965308,0.2681916062,0.4625118629
12.5000000000,43.5000000000,0.3089397662,0.2588108522,0.4322493816
12.5000000000,44.5000000000,0.3081790788,0.2905972386,0.4012236827
12.5000000000,45.5000000000,0.3164374029,0.2753307384,0.4082318587
12.5000000000,46.5000000000,0.3823812829,0.1560587283,0.4615599889
12.5000000000,47.5000000000,0.3621216766,0.1565929564,0.4812853671
12.5000000000,48.5000000000,0.3022196380,0.2100917934,0.4876885686
12.5000000000,49.5000000000,0.2768040211,0.1920188388,0.5311771401
12.5000000000,50.5000000000,0.2770345751,0.1903170780,0.5326483469
12.5000000000,51.5000000000,0.2606533820,0.2216599874,0.5176866306
12.5000000000,52.5000000000,0.2504081399,0.2300543234,0.5195375367
12.5000000000,53.5000000000,0.2352765562,0.2284579196,0.5362655242
12.5000000000,54.5000000000,0.2104739528,0.2273273938,0.5621986534
12.5000000000,55.5000000000,0.2059282322,0.2397121444,0.5543596234
12.5000000000,56.5000000000,0.2078404223,0.2597096426,0.5324499351
12.5000000000,57.5000000000,0.2130224984,0.2773824841,0.5095950175
12.5000000000,58.5000000000,0.2138954250,0.3055543416,0.4805502333
12.5000000000,59.5000000000,0.2132743564,0.3186866882,0.4680389554
12.5000000000,60.5000000000,0.2120568644,0.3178174775,0.4701256581
12.5000000000,61.5000000000,0.2129039060,0.2995425954,0.4875534986
12.5000000000,62.5000000000,0.2045566845,0.2833267375,0.5121165779
12.5000000000,63.5000000000,0.1761510250,0.3031491658,0.5206998092
12.5000000000,64.5000000000,0.1497243579,0.3260601682,0.5242154739
12.5000000000,65.5000000000,0.1301659669,0.3375005322,0.5323335009
12.5000000000,66.5000000000,0.1126573375,0.3511138143,0.5362288481
12.5000000000,67.5000000000,0.1027283668,0.3444624560,0.5528091772
13.5000000000,37.5000000000,0.1984886963,0.2273588458,0.5741524579
13.5000000000,38.5000000000,0.1869915621,0.2619674426,0.5510409954
13.5000000000,41.5000000000,0.2243607566,0.2511228719,0.5245163715
13.5000000000,42.5000000000,0.2661337686,0.2230365319,0.5108296995
13.5000000000,43.5000000000,0.2615815738,0.2846365003,0.4537819259
13.5000000000,44.5000000000,0.2779463832,0.2887947292,0.4332588876
13.5000000000,45.5000000000,0.2973874567,0.2677051148,0.4349074286
13.5000000000,46.5000000000,0.3516511923,0.1814770518,0.4668717559
13.5000000000,47.5000000000,0.3631216892,0.1612023208,0.4756759900
13.5000000000,48.5000000000,0.3284783739,0.2072048178,0.4643168083
13.5000000000,49.5000000000,0.3108533610,0.1949043881,0.4942422509
13.5000000000,50.5000000000,0.3041876577,0.1972674815,0.4985448608
13.5000000000,51.5000000000,0.2844234365,0.2266370518,0.4889395117
13.5000000000,52.5000000000,0.2716867338,0.2367392858,0.4915739804
13.5000000000,53.5000000000,0.2562008537,0.2374122625,0.5063868839
13.5000000000,54.5000000000,0.2326155776,0.2373159256,0.5300684968
13.5000000000,55.5000000000,0.2264508809,0.2425362572,0.5310128619
13.5000000000,56.5000000000,0.2301141103,0.2540299648,0.5158559249
13.5000000000,57.5000000000,0.2348176072,0.2683723253,0.4968100675
13.5000000000,58.5000000000,0.2315504615,0.3030392728,0.4654102657
13.5000000000,59.5000000000,0.2246227778,0.3222269027,0.4531503196
13.5000000000,60.5000000000,0.2249485386,0.3151817775,0.4598696839
13.5000000000,61.5000000000,0.2198609332,0.3054562725,0.4746827943
13.5000000000,62.5000000000,0.2064116769,0.2996542148,0.4939341083
13.5000000000,63.5000000000,0.1840167744,0.3098146430,0.5061685825
13.5000000000,64.5000000000,0.1647423965,0.3074091404,0.5278484631
13.5000000000,65.5000000000,0.1475445885,0.3041876963,0.5482677152
13.5000000000,66.5000000000,0.1247732249,0.3248616083,0.5503651667
13.5000000000,67.5000000000,0.1053301433,0.3472201754,0.5474496813
13.5000000000,68.5000000000,0.0964162518,0.3404214947,0.5631622535
14.5000000000,35.5000000000,0.1835782124,0.2333114266,0.5831103611
14.5000000000,36.5000000000,0.1829460333,0.2370829956,0.5799709711
14.5000000000,37.5000000000,0.1974566441,0.2057212658,0.5968220901
14.5000000000,38.5000000000,0.1793034106,0.2557606827,0.5649359068
14.5000000000,40.5000000000,0.1824990363,0.2700921749,0.5474087887
14.5000000000,41.5000000000,0.2107314028,0.2364954659,0.5527731313
14.5000000000,42.5000000000,0.2138210532,0.2790127460,0.5071662007
14.5000000000,44.5000000000,0.2540683185,0.2765284407,0.4694032408
14.5000000000,45.5000000000,0.2950647428,0.2234466378,0.4814886194
14.5000000000,46.5000000000,0.3173338956,0.1971758051,0.4854902993
14.5000000000,47.5000000000,0.3405678709,0.1675718963,0.4918602329
14.5000000000,48.5000000000,0.3174708879,0.2022965220,0.4802325901
14.5000000000,49.5000000000,0.3075341529,0.2020425628,0.4904232843
14.5000000000,50.5000000000,0.3048347624,0.2130087298,0.4821565078
14.5000000000,51.5000000000,0.2945739189,0.2291506551,0.4762754260
14.5000000000,52.5000000000,0.2793468758,0.2406652239,0.4799879003
14.5000000000,53.5000000000,0.2634746832,0.2445675051,0.4919578117
14.5000000000,54.5000000000,0.2471467197,0.2459203209,0.5069329594
14.5000000000,55.5000000000,0.2416547020,0.2532230382,0.5051222598
14.5000000000,56.5000000000,0.2467077299,0.2587901443,0.4945021257
14.5000000000,57.5000000000,0.2497499231,0.2668000427,0.4834500342
14.5000000000,58.5000000000,0.2439882728,0.2971343334,0.4588773938
14.5000000000,59.5000000000,0.2399393155,0.3124918969,0.4475687875
14.5000000000,60.5000000000,0.2352556245,0.3169313582,0.4478130173
14.5000000000,61.5000000000,0.2277331226,0.3142801243,0.4579867531
14.5000000000,62.5000000000,0.2088200470,0.3232347226,0.4679452304
14.5000000000,63.5000000000,0.1875334764,0.3317226563,0.4807438674
14.5000000000,64.5000000000,0.1762762296,0.3068224864,0.5169012840
14.5000000000,65.5000000000,0.1621788704,0.2878859555,0.5499351741
14.5000000000,66.5000000000,0.1430095282,0.2917759152,0.5652145566
14.5000000000,67.5000000000,0.1121573311,0.3448509964,0.5429916725
14.5000000000,68.5000000000,0.1001942533,0.3436940568,0.5561116899
15.5000000000,36.5000000000,0.1747863731,0.2318785446,0.5933350823
15.5000000000,37.5000000000,0.1767574922,0.2319756996,0.5912668083
15.5000000000,38.5000000000,0.1763407749,0.2388874247,0.5847718005
15.5000000000,39.5000000000,0.1716515991,0.2542207155,0.5741276854
15.5000000000,40.5000000000,0.1890064787,0.2131802577,0.5978132636
15.5000000000,41.5000000000,0.1874347563,0.2486901754,0.5638750683
15.5000000000,43.5000000000,0.2143002256,0.2698578596,0.5158419148
15.5000000000,44.5000000000,0.2554864185,0.2201684407,0.5243451408
15.5000000000,45.5000000000,0.2616043709,0.2342163820,0.5041792471
15.5000000000,46.5000000000,0.2795748276,0.2176630435,0.5027621290
15.5000000000,47.5000000000,0.3041978479,0.1821054662,0.5136966859
15.5000000000,48.5000000000,0.2903111055,0.2051754479,0.5045134466
15.5000000000,49.5000000000,0.2956838941,0.1958195511,0.5084965547
15.5000000000,50.5000000000,0.2969209292,0.2039840384,0.4990950325
15.5000000000,51.5000000000,0.2884284112,0.2292711049,0.4823004839
15.5000000000,52.5000000000,0.2779646122,0.2409705148,0.4810648729
15.5000000000,53.5000000000,0.2688502394,0.2418758746,0.4892738860
15.5000000000,54.5000000000,0.2544366681,0.2495062927,0.4960570392
15.5000000000,55.5000000000,0.2513249234,0.2564999655,0.4921751110
15.5000000000,56.5000000000,0.2571949016,0.2604958244,0.4823092740
15.5000000000,57.5000000000,0.2609922331,0.2693428994,0.4696648675
15.5000000000,58.5000000000,0.2547702229,0.2965275108,0.4487022663
15.5000000000,59.5000000000,0.2486448168,0.3172673001,0.4340878831
15.5000000000,60.5000000000,0.2450953307,0.3242401734,0.4306644959
15.5000000000,61.5000000000,0.2339839392,0.3301251131,0.4358909477
15.5000000000,62.5000000000,0.2166994351,0.3346521282,0.4486484367
15.5000000000,63.5000000000,0.1970436571,0.3406128375,0.4623435054
15.5000000000,64.5000000000,0.1818733231,0.3290031185,0.4891235584
15.5000000000,65.5000000000,0.1723578384,0.3041326177,0.5235095439
15.5000000000,66.5000000000,0.1587569005,0.2867135658,0.5545295337
15.5000000000,67.5000000000,0.1282650980,0.3373619812,0.5343729208
15.5000000000,68.5000000000,0.1125115020,0.3580145695,0.5294739285
15.5000000000,69.5000000000,0.1035504173,0.3731919800,0.5232576027
16.5000000000,37.5000000000,0.1678048743,0.2274473358,0.6047477899
16.5000000000,38.5000000000,0.1724324371,0.2230569502,0.6045106128
16.5000000000,39.5000000000,0.1835740262,0.2033476092,0.6130783646
16.5000000000,40.5000000000,0.1764801132,0.2222217777,0.6012981091
16.5000000000,41.5000000000,0.1753265623,0.2475287878,0.5771446498
16.5000000000,42.5000000000,0.1854906077,0.2547510473,0.5597583450
16.5000000000,43.5000000000,0.2121292516,0.2259876397,0.5618831087
16.5000000000,44.5000000000,0.2423733761,0.1931684829,0.5644581410
16.5000000000,45.5000000000,0.2365425022,0.2347135379,0.5287439599
16.5000000000,46.5000000000,0.2480507416,0.2284870585,0.5234621999
16.5000000000,47.5000000000,0.2581516568,0.2182043068,0.5236440364
16.5000000000,48.5000000000,0.2593567378,0.2196660240,0.5209772383
16.5000000000,49.5000000000,0.2776057725,0.2003593265,0.5220349009
16.5000000000,50.5000000000,0.2836053270,0.2016371878,0.5147574852
16.5000000000,51.5000000000,0.2780105455,0.2326314453,0.4893580092
16.5000000000,52.5000000000,0.2769747855,0.2407985925,0.4822266219
16.5000000000,53.5000000000,0.2715215392,0.2381774130,0.4903010478
16.5000000000,54.5000000000,0.2584374953,0.2469728537,0.4945896509
16.5000000000,56.5000000000,0.2610999880,0.2691656688,0.4697343432
16.5000000000,57.5000000000,0.2651237615,0.2849423094,0.4499339291
16.5000000000,58.5000000000,0.2661753106,0.3031123481,0.4307123413
16.5000000000,59.5000000000,0.2623419426,0.3242985508,0.4133595066
16.5000000000,60.5000000000,0.2561662356,0.3359104208,0.4079233436
16.5000000000,61.5000000000,0.2421652049,0.3470118862,0.4108229088
16.5000000000,62.5000000000,0.2285686122,0.3467009284,0.4247304594
16.5000000000,63.5000000000,0.2081151834,0.3547614968,0.4371233198
16.5000000000,64.5000000000,0.1930719011,0.3450742056,0.4618538933
16.5000000000,65.5000000000,0.1798103344,0.3328974935,0.4872921722
16.5000000000,66.5000000000,0.1703831093,0.3098838804,0.5197330104
16.5000000000,67.5000000000,0.1555263799,0.3120165417,0.5324570784
16.5000000000,68.5000000000,0.1266838279,0.3754486250,0.4978675471
16.5000000000,69.5000000000,0.1134589154,0.4018778711,0.4846632135
17.5000000000,38.5000000000,0.1614414220,0.2202265911,0.6183319870
17.5000000000,39.5000000000,0.1614078005,0.2254329365,0.6131592630
17.5000000000,40.5000000000,0.1641651766,0.2228783880,0.6129564354
17.5000000000,41.5000000000,0.1670776302,0.2328114096,0.6001109602
17.5000000000,42.5000000000,0.1773209796,0.2311916888,0.5914873317
17.5000000000,43.5000000000,0.2133160719,0.1798381310,0.6068457971
17.5000000000,44.5000000000,0.2241832277,0.1873281080,0.5884886643
17.5000000000,45.5000000000,0.2219086314,0.2205466610,0.5575447076
17.5000000000,46.5000000000,0.2322502002,0.2233478216,0.5444019782
17.5000000000,47.5000000000,0.2418556960,0.2219524679,0.5361918361
17.5000000000,48.5000000000,0.2533741392,0.2163091002,0.5303167606
17.5000000000,49.5000000000,0.2681431515,0.2036513991,0.5282054494
17.5000000000,50.5000000000,0.2722836989,0.2116509594,0.5160653417
17.5000000000,51.5000000000,0.2744005033,0.2299679631,0.4956315336
17.5000000000,52.5000000000,0.2771070712,0.2407890738,0.4821038550
17.5000000000,53.5000000000,0.2723781555,0.2386731164,0.4889487281
17.5000000000,54.5000000000,0.2608206650,0.2401874387,0.4989918963
17.5000000000,57.5000000000,0.2792482860,0.2932604045,0.4274913095
17.5000000000,58.5000000000,0.2829458040,0.3143432228,0.4027109732
17.5000000000,59.5000000000,0.2805985161,0.3327043286,0.3866971553
