Lon,Lat,C_KK10LonLatElev,B_KK10LonLatElev,U_KK10LonLatElev
-9.5000000000,38.5000000000,0.1147800743,0.2113782148,0.6738417108
-9.5000000000,39.5000000000,0.1140962536,0.2116117138,0.6742920326
-9.5000000000,42.5000000000,0.1001520431,0.2486449812,0.6512029757
-9.5000000000,43.5000000000,0.0885291317,0.2803782881,0.6310925802
-9.5000000000,51.5000000000,0.0383759704,0.3669743205,0.5946497092
-9.5000000000,52.5000000000,0.0425999308,0.3464822319,0.6109178374
-9.5000000000,53.5000000000,0.0516118184,0.3269595990,0.6214285826
-9.5000000000,54.5000000000,0.0610722167,0.3011670535,0.6377607298
-8.5000000000,37.5000000000,0.1211991149,0.1900070308,0.6887938542
-8.5000000000,38.5000000000,0.1270568370,0.1809586119,0.6919845512
-8.5000000000,39.5000000000,0.1226165771,0.2008282999,0.6765551230
-8.5000000000,40.5000000000,0.1229443297,0.1982338876,0.6788217827
-8.5000000000,41.5000000000,0.1194082390,0.2119061540,0.6686856070
-8.5000000000,42.5000000000,0.1126342613,0.2274289629,0.6599367758
-8.5000000000,43.5000000000,0.0975924542,0.2538764894,0.6485310564
-8.5000000000,51.5000000000,0.0390716856,0.3527396098,0.6081887046
-8.5000000000,52.5000000000,0.0446868015,0.3268030683,0.6285101302
-8.5000000000,53.5000000000,0.0533811092,0.3134046684,0.6332142224
-8.5000000000,54.5000000000,0.0646276316,0.2730495614,0.6623228070
-8.5000000000,55.5000000000,0.0614253023,0.2514614090,0.6871132886
-7.5000000000,37.5000000000,0.1238822105,0.1856989893,0.6904188002
-7.5000000000,38.5000000000,0.1319610601,0.1779318866,0.6901070533
-7.5000000000,39.5000000000,0.1356364795,0.1751113396,0.6892521808
-7.5000000000,40.5000000000,0.1381841360,0.1789275043,0.6828883596
-7.5000000000,41.5000000000,0.1341319550,0.1952222001,0.6706458449
-7.5000000000,42.5000000000,0.1283961641,0.2097655135,0.6618383224
-7.5000000000,43.5000000000,0.1063119284,0.2452868492,0.6484012225
-7.5000000000,51.5000000000,0.0372867008,0.3654660637,0.5972472355
-7.5000000000,52.5000000000,0.0490725668,0.3013107072,0.6496167260
-7.5000000000,53.5000000000,0.0582727460,0.2947911346,0.6469361194
-7.5000000000,54.5000000000,0.0688698923,0.2608831141,0.6702469936
-7.5000000000,55.5000000000,0.0636861563,0.2367045286,0.6996093151
-7.5000000000,57.5000000000,0.0462628405,0.1511812121,0.8025559474
-7.5000000000,58.5000000000,0.0440875187,0.1220012812,0.8339112001
-7.5000000000,62.5000000000,0.0528106885,0.1048357626,0.8423535489
-6.5000000000,35.5000000000,0.1241750690,0.1490077518,0.7268171792
-6.5000000000,36.5000000000,0.1257270462,0.1562312155,0.7180417382
-6.5000000000,37.5000000000,0.1366080245,0.1580527424,0.7053392331
-6.5000000000,38.5000000000,0.1500148803,0.1519535961,0.6980315237
-6.5000000000,39.5000000000,0.1524026364,0.1552308944,0.6923664692
-6.5000000000,40.5000000000,0.1559801827,0.1630822343,0.6809375830
-6.5000000000,41.5000000000,0.1478634865,0.1877083083,0.6644282052
-6.5000000000,42.5000000000,0.1531795432,0.1831634099,0.6636570469
-6.5000000000,43.5000000000,0.1148644157,0.2496015551,0.6355340292
-6.5000000000,52.5000000000,0.0504233863,0.2795803598,0.6699962539
-6.5000000000,53.5000000000,0.0605581868,0.2898272346,0.6496145786
-6.5000000000,54.5000000000,0.0719266604,0.2617500690,0.6663232706
-6.5000000000,55.5000000000,0.0666127143,0.2280367911,0.7053504946
-6.5000000000,56.5000000000,0.0534177987,0.1921213045,0.7544608968
-6.5000000000,57.5000000000,0.0467597768,0.1385108293,0.8147293939
-6.5000000000,58.5000000000,0.0435609060,0.1234260237,0.8330130703
-6.5000000000,61.5000000000,0.0494897282,0.1029473100,0.8475629618
-6.5000000000,62.5000000000,0.0533061899,0.1042161982,0.8424776118
-5.5000000000,35.5000000000,0.1304172459,0.1313452675,0.7382374866
-5.5000000000,36.5000000000,0.1374531568,0.1327103381,0.7298365052
-5.5000000000,37.5000000000,0.1452467155,0.1433135643,0.7114397203
-5.5000000000,38.5000000000,0.1586488253,0.1557707227,0.6855804519
-5.5000000000,39.5000000000,0.1657563262,0.1530787691,0.6811649047
-5.5000000000,40.5000000000,0.1751834423,0.1400415496,0.6847750082
-5.5000000000,41.5000000000,0.1537311831,0.1883855713,0.6578832456
-5.5000000000,42.5000000000,0.1558892540,0.1944131982,0.6496975477
-5.5000000000,43.5000000000,0.1243408397,0.2495475917,0.6261115685
-5.5000000000,50.5000000000,0.0420502727,0.2277539996,0.7301957277
-5.5000000000,51.5000000000,0.0444106236,0.2330590581,0.7225303183
-5.5000000000,54.5000000000,0.0670385555,0.2409718023,0.6919896422
-5.5000000000,55.5000000000,0.0632660985,0.2046106846,0.7321232169
-5.5000000000,56.5000000000,0.0558675198,0.1662958655,0.7778366147
-5.5000000000,57.5000000000,0.0521450170,0.1278574424,0.8199975406
-5.5000000000,58.5000000000,0.0446194927,0.1343724986,0.8210080087
-4.5000000000,35.5000000000,0.1275749143,0.1181896199,0.7542354657
-4.5000000000,36.5000000000,0.1356790487,0.1238891603,0.7404317911
-4.5000000000,37.5000000000,0.1613667012,0.1204130607,0.7182202381
-4.5000000000,38.5000000000,0.1790579257,0.1367647381,0.6841773361
-4.5000000000,39.5000000000,0.1900659183,0.1513573904,0.6585766913
-4.5000000000,40.5000000000,0.2021727698,0.1243390197,0.6734882105
-4.5000000000,41.5000000000,0.1733987694,0.1659391536,0.6606620770
-4.5000000000,42.5000000000,0.1675610984,0.1878394166,0.6445994850
-4.5000000000,43.5000000000,0.1354495817,0.2409839505,0.6235664678
-4.5000000000,47.5000000000,0.0466249595,0.2580051310,0.6953699095
-4.5000000000,48.5000000000,0.0436199255,0.2081409869,0.7482390876
-4.5000000000,50.5000000000,0.0404599428,0.1967733355,0.7627667217
-4.5000000000,51.5000000000,0.0414989579,0.2040372481,0.7544637940
-4.5000000000,52.5000000000,0.0467937181,0.2047242808,0.7484820012
-4.5000000000,53.5000000000,0.0510241789,0.2217589063,0.7272169148
-4.5000000000,54.5000000000,0.0563439160,0.2086978158,0.7349582682
-4.5000000000,55.5000000000,0.0579887859,0.1771010368,0.7649101773
-4.5000000000,56.5000000000,0.0607815440,0.1390689701,0.8001494858
-4.5000000000,57.5000000000,0.0558092095,0.1259693812,0.8182214093
-4.5000000000,58.5000000000,0.0497554438,0.1215681614,0.8286763949
-3.5000000000,35.5000000000,0.1330571939,0.0856917667,0.7812510393
-3.5000000000,36.5000000000,0.1379437725,0.1019015824,0.7601546451
-3.5000000000,37.5000000000,0.1854518759,0.0865224888,0.7280256353
-3.5000000000,38.5000000000,0.1980445233,0.1169786622,0.6849768145
-3.5000000000,39.5000000000,0.2116354457,0.1259156635,0.6624488907
-3.5000000000,40.5000000000,0.2103044054,0.1229767605,0.6667188342
-3.5000000000,41.5000000000,0.1937905954,0.1375919335,0.6686174712
-3.5000000000,42.5000000000,0.1724973112,0.1767920494,0.6507106394
-3.5000000000,43.5000000000,0.1268901131,0.2424037512,0.6307061357
-3.5000000000,47.5000000000,0.0475558378,0.2152791259,0.7371650364
-3.5000000000,48.5000000000,0.0405402618,0.2042191297,0.7552406084
-3.5000000000,50.5000000000,0.0374508664,0.1793907974,0.7831583363
-3.5000000000,51.5000000000,0.0397218828,0.1690711662,0.7912069511
-3.5000000000,52.5000000000,0.0464306160,0.1535541707,0.8000152133
-3.5000000000,53.5000000000,0.0469819770,0.1766192989,0.7763987241
-3.5000000000,54.5000000000,0.0505936174,0.1730820007,0.7763243818
-3.5000000000,55.5000000000,0.0551219399,0.1558573065,0.7890207536
-3.5000000000,56.5000000000,0.0570095936,0.1489358594,0.7940545470
-3.5000000000,57.5000000000,0.0557933378,0.1278394428,0.8163672193
-3.5000000000,58.5000000000,0.0510683791,0.1193364675,0.8295951534
-3.5000000000,59.5000000000,0.0482262854,0.1113847291,0.8403889855
-2.5000000000,35.5000000000,0.1378913063,0.0648898714,0.7972188223
-2.5000000000,36.5000000000,0.1452066180,0.0704472641,0.7843461179
-2.5000000000,37.5000000000,0.1921958159,0.0712119394,0.7365922448
-2.5000000000,38.5000000000,0.2332638979,0.0861651457,0.6805709563
-2.5000000000,39.5000000000,0.2401273726,0.1027279731,0.6571446543
-2.5000000000,40.5000000000,0.2349388237,0.1153023774,0.6497587989
-2.5000000000,41.5000000000,0.2207093914,0.1283913521,0.6508992566
-2.5000000000,42.5000000000,0.1810306396,0.1806490982,0.6383202622
-2.5000000000,43.5000000000,0.1236527200,0.2507189209,0.6256283591
-2.5000000000,46.5000000000,0.0571411544,0.2554006088,0.6874582368
-2.5000000000,47.5000000000,0.0475151237,0.2228587879,0.7296260884
-2.5000000000,48.5000000000,0.0392007140,0.2165275204,0.7442717655
-2.5000000000,49.5000000000,0.0385896081,0.1761964692,0.7852139227
-2.5000000000,50.5000000000,0.0347950116,0.1937915490,0.7714134394
-2.5000000000,51.5000000000,0.0347363748,0.1886203340,0.7766432912
-2.5000000000,52.5000000000,0.0369642273,0.1763244971,0.7867112756
-2.5000000000,53.5000000000,0.0398576089,0.1717854712,0.7883569200
-2.5000000000,54.5000000000,0.0470180109,0.1359005282,0.8170814608
-2.5000000000,55.5000000000,0.0491599800,0.1429458268,0.8078941932
-2.5000000000,56.5000000000,0.0493836326,0.1528149948,0.7978013726
-2.5000000000,57.5000000000,0.0511948480,0.1403382874,0.8084668646
-2.5000000000,58.5000000000,0.0496607693,0.1272579922,0.8230812385
-1.5000000000,35.5000000000,0.1409557330,0.0763453035,0.7826989635
-1.5000000000,36.5000000000,0.1609097702,0.0561753397,0.7829148901
-1.5000000000,37.5000000000,0.1833611975,0.0710856879,0.7455531146
-1.5000000000,38.5000000000,0.2311657637,0.0721935295,0.6966407068
-1.5000000000,39.5000000000,0.2552246835,0.0880382097,0.6567371068
-1.5000000000,40.5000000000,0.2635266963,0.0859716541,0.6505016496
-1.5000000000,41.5000000000,0.2125379682,0.1244182252,0.6630438066
-1.5000000000,42.5000000000,0.1734443848,0.1703805071,0.6561751081
-1.5000000000,43.5000000000,0.1363374464,0.2003559113,0.6633066423
-1.5000000000,44.5000000000,0.1061584376,0.2074530221,0.6863885403
-1.5000000000,45.5000000000,0.0796181784,0.2255025324,0.6948792891
-1.5000000000,46.5000000000,0.0627527210,0.2177151418,0.7195321372
-1.5000000000,47.5000000000,0.0503639859,0.2136996070,0.7359364070
-1.5000000000,48.5000000000,0.0411049253,0.2093684590,0.7495266157
-1.5000000000,49.5000000000,0.0367887675,0.2063602851,0.7568509474
-1.5000000000,50.5000000000,0.0348781556,0.2011257697,0.7639960748
-1.5000000000,51.5000000000,0.0331974117,0.1894601194,0.7773424689
-1.5000000000,52.5000000000,0.0326941359,0.1769318164,0.7903740477
-1.5000000000,53.5000000000,0.0359991579,0.1576812042,0.8063196379
-1.5000000000,54.5000000000,0.0377525134,0.1485543588,0.8136931278
-1.5000000000,55.5000000000,0.0418019530,0.1451926506,0.8130053964
-1.5000000000,57.5000000000,0.0456557126,0.1574623755,0.7968819119
-1.5000000000,59.5000000000,0.0501278715,0.1092835859,0.8405885425
-1.5000000000,60.5000000000,0.0502001192,0.1018451350,0.8479547457
-0.5000000000,35.5000000000,0.1625940110,0.0658501469,0.7715558421
-0.5000000000,37.5000000000,0.1832263221,0.0714413049,0.7453323729
-0.5000000000,38.5000000000,0.2157971723,0.0705841529,0.7136186748
-0.5000000000,39.5000000000,0.2267537429,0.0876910794,0.6855551777
-0.5000000000,40.5000000000,0.2494805490,0.0789050036,0.6716144473
-0.5000000000,41.5000000000,0.2068623888,0.0977498804,0.6953877308
-0.5000000000,42.5000000000,0.1995980728,0.1088487930,0.6915531341
-0.5000000000,43.5000000000,0.1305135072,0.1884813585,0.6810051343
-0.5000000000,44.5000000000,0.1031695770,0.1973920654,0.6994383576
-0.5000000000,45.5000000000,0.0749331674,0.2393127523,0.6857540803
-0.5000000000,46.5000000000,0.0624073412,0.2222747701,0.7153178887
-0.5000000000,47.5000000000,0.0501375374,0.2223023462,0.7275601164
-0.5000000000,48.5000000000,0.0434386413,0.2057370134,0.7508243454
-0.5000000000,49.5000000000,0.0362778197,0.2149005823,0.7488215980
-0.5000000000,50.5000000000,0.0330754256,0.2095907947,0.7573337797
-0.5000000000,51.5000000000,0.0320712170,0.1894319437,0.7784968393
-0.5000000000,52.5000000000,0.0303774726,0.1780364220,0.7915861054
-0.5000000000,53.5000000000,0.0306824082,0.1763677685,0.7929498233
-0.5000000000,54.5000000000,0.0335953943,0.1585022295,0.8079023761
-0.5000000000,60.5000000000,0.0549117660,0.1093694650,0.8357187691
0.5000000000,35.5000000000,0.1933243577,0.0548791889,0.7517964534
0.5000000000,36.5000000000,0.1855620339,0.0624751568,0.7519628094
0.5000000000,38.5000000000,0.2086058424,0.0729829391,0.7184112185
0.5000000000,40.5000000000,0.2092663710,0.0998234706,0.6909101585
0.5000000000,41.5000000000,0.1930371297,0.1101828490,0.6967800213
0.5000000000,42.5000000000,0.2071381828,0.0872925953,0.7055692219
0.5000000000,43.5000000000,0.1206719925,0.1813470711,0.6979809364
0.5000000000,44.5000000000,0.0944205227,0.2095210016,0.6960584757
0.5000000000,45.5000000000,0.0780400296,0.2159174458,0.7060425246
0.5000000000,46.5000000000,0.0616123999,0.2260182245,0.7123693756
0.5000000000,47.5000000000,0.0500024825,0.2239151329,0.7260823845
0.5000000000,48.5000000000,0.0442161279,0.1992945478,0.7564893243
0.5000000000,49.5000000000,0.0369534040,0.2118236005,0.7512229955
0.5000000000,50.5000000000,0.0324611967,0.2196416692,0.7478971342
0.5000000000,51.5000000000,0.0316827564,0.1992272899,0.7690899537
0.5000000000,52.5000000000,0.0314834406,0.1740820005,0.7944345589
0.5000000000,53.5000000000,0.0306189384,0.1813166781,0.7880643835
1.5000000000,35.5000000000,0.2396073302,0.0435503048,0.7168423650
1.5000000000,36.5000000000,0.2121391034,0.0596579700,0.7282029266
1.5000000000,38.5000000000,0.2164069952,0.0725488310,0.7110441739
1.5000000000,39.5000000000,0.2213588402,0.0813497751,0.6972913847
1.5000000000,41.5000000000,0.1942001805,0.1048792964,0.7009205231
1.5000000000,42.5000000000,0.2082517856,0.0757536804,0.7159945340
1.5000000000,43.5000000000,0.1155059394,0.1694394879,0.7150545727
1.5000000000,44.5000000000,0.0971049954,0.1942362331,0.7086587716
1.5000000000,45.5000000000,0.0892433758,0.1759886587,0.7347679655
1.5000000000,46.5000000000,0.0682844132,0.2005004225,0.7312151643
1.5000000000,47.5000000000,0.0535302155,0.2099371760,0.7365326086
1.5000000000,48.5000000000,0.0437282219,0.2122574164,0.7440143617
1.5000000000,49.5000000000,0.0391027321,0.2086320542,0.7522652137
1.5000000000,50.5000000000,0.0354936302,0.2049892944,0.7595170755
1.5000000000,51.5000000000,0.0326341580,0.2077941786,0.7595716635
1.5000000000,52.5000000000,0.0328051060,0.1876700870,0.7795248069
2.5000000000,35.5000000000,0.2672571675,0.0414315929,0.6913112396
2.5000000000,36.5000000000,0.2387872872,0.0610463342,0.7001663786
2.5000000000,39.5000000000,0.2335531239,0.0873266799,0.6791201962
2.5000000000,41.5000000000,0.1926524432,0.0961769087,0.7111706481
2.5000000000,42.5000000000,0.1699574848,0.1013056454,0.7287368698
2.5000000000,43.5000000000,0.1245301596,0.1426157044,0.7328541359
2.5000000000,44.5000000000,0.1193998482,0.1457059589,0.7348941929
2.5000000000,45.5000000000,0.1134939018,0.1412047531,0.7453013451
2.5000000000,46.5000000000,0.0767936759,0.2020696818,0.7211366422
2.5000000000,47.5000000000,0.0598732020,0.2141774295,0.7259493684
2.5000000000,48.5000000000,0.0473851061,0.2252633580,0.7273515359
2.5000000000,49.5000000000,0.0426049179,0.2159831936,0.7414118885
2.5000000000,50.5000000000,0.0386353145,0.2183932905,0.7429713950
2.5000000000,51.5000000000,0.0365001902,0.2117409113,0.7517588985
3.5000000000,35.5000000000,0.2859285124,0.0426548611,0.6714166265
3.5000000000,36.5000000000,0.2629259027,0.0607786268,0.6762954705
3.5000000000,39.5000000000,0.2550105817,0.0863234532,0.6586659652
3.5000000000,40.5000000000,0.2170272419,0.1106544838,0.6723182743
3.5000000000,41.5000000000,0.1949555537,0.1023427839,0.7027016625
3.5000000000,42.5000000000,0.1552928198,0.1308166916,0.7138904885
3.5000000000,43.5000000000,0.1267691600,0.1714879166,0.7017429234
3.5000000000,44.5000000000,0.1443009076,0.1320794824,0.7236196101
3.5000000000,45.5000000000,0.1247669451,0.1555413810,0.7196916739
3.5000000000,46.5000000000,0.0916764385,0.2056826425,0.7026409190
3.5000000000,47.5000000000,0.0690405362,0.2459626585,0.6849968053
3.5000000000,48.5000000000,0.0578927339,0.2323332873,0.7097739788
3.5000000000,49.5000000000,0.0517251696,0.2228091286,0.7254657017
3.5000000000,50.5000000000,0.0449687620,0.2316443473,0.7233868907
3.5000000000,51.5000000000,0.0421690960,0.2163701521,0.7414607519
4.5000000000,35.5000000000,0.2973941064,0.0447855754,0.6578203182
4.5000000000,36.5000000000,0.2857241787,0.0579717295,0.6563040918
4.5000000000,39.5000000000,0.2472879015,0.0951682557,0.6575438429
4.5000000000,40.5000000000,0.2238356515,0.1087541958,0.6674101527
4.5000000000,43.5000000000,0.1429171552,0.1729514603,0.6841313846
4.5000000000,44.5000000000,0.1465754925,0.1717604305,0.6816640770
4.5000000000,45.5000000000,0.1490281573,0.1743030949,0.6766687477
4.5000000000,46.5000000000,0.1200602653,0.2248062345,0.6551335002
4.5000000000,47.5000000000,0.0976188827,0.2603806774,0.6420004399
4.5000000000,48.5000000000,0.0820360362,0.2482085367,0.6697554271
4.5000000000,49.5000000000,0.0693774730,0.2341895060,0.6964330210
4.5000000000,50.5000000000,0.0562498310,0.2434824152,0.7002677538
4.5000000000,51.5000000000,0.0491194765,0.2328676487,0.7180128748
4.5000000000,52.5000000000,0.0447925351,0.2266186751,0.7285887899
4.5000000000,53.5000000000,0.0442932035,0.2075194075,0.7481873890
4.5000000000,60.5000000000,0.0970230180,0.2100263268,0.6929506552
4.5000000000,61.5000000000,0.1111060852,0.1842513390,0.7046425758
5.5000000000,35.5000000000,0.3134920357,0.0470780319,0.6394299324
5.5000000000,36.5000000000,0.2952651190,0.0594603203,0.6452745607
5.5000000000,43.5000000000,0.1703693877,0.1646768833,0.6649537290
5.5000000000,44.5000000000,0.2009493852,0.1398798728,0.6591707420
5.5000000000,45.5000000000,0.1930342196,0.1915218396,0.6154439408
5.5000000000,46.5000000000,0.1840443224,0.2347032990,0.5812523786
5.5000000000,47.5000000000,0.1465920425,0.2769065983,0.5765013592
5.5000000000,48.5000000000,0.1178208457,0.2720968904,0.6100822639
5.5000000000,49.5000000000,0.0942576354,0.2559091615,0.6498332032
5.5000000000,50.5000000000,0.0737641760,0.2452820951,0.6809537289
5.5000000000,51.5000000000,0.0582021272,0.2461605931,0.6956372797
5.5000000000,52.5000000000,0.0510600020,0.2326820785,0.7162579195
5.5000000000,53.5000000000,0.0467622659,0.2263068782,0.7269308558
5.5000000000,58.5000000000,0.0923842233,0.2104361419,0.6971796348
5.5000000000,59.5000000000,0.1085916637,0.2076370544,0.6837712820
5.5000000000,60.5000000000,0.1249853203,0.1864784452,0.6885362345
5.5000000000,61.5000000000,0.1412965427,0.1703799498,0.6883235076
5.5000000000,62.5000000000,0.1389021968,0.1839132330,0.6771845703
6.5000000000,35.5000000000,0.3284354023,0.0487338148,0.6228307829
6.5000000000,36.5000000000,0.2943395378,0.0685423236,0.6371181386
6.5000000000,37.5000000000,0.2626617942,0.0939899418,0.6433482640
6.5000000000,43.5000000000,0.1977486536,0.1524602966,0.6497910498
6.5000000000,44.5000000000,0.2790229310,0.0782170711,0.6427599979
6.5000000000,45.5000000000,0.3145579843,0.0914455739,0.5939964418
6.5000000000,46.5000000000,0.2764313523,0.1696094027,0.5539592450
6.5000000000,47.5000000000,0.2280058947,0.2329128273,0.5390812780
6.5000000000,48.5000000000,0.1661724269,0.2609754994,0.5728520737
6.5000000000,49.5000000000,0.1211578256,0.2631602145,0.6156819599
6.5000000000,50.5000000000,0.0951112237,0.2324417716,0.6724470047
6.5000000000,51.5000000000,0.0651529719,0.2686843057,0.6661627224
6.5000000000,52.5000000000,0.0578133772,0.2331973917,0.7089892310
6.5000000000,53.5000000000,0.0513170612,0.2282661629,0.7204167759
6.5000000000,58.5000000000,0.1178042762,0.1919353231,0.6902604007
6.5000000000,59.5000000000,0.1507052723,0.1664843611,0.6828103666
6.5000000000,60.5000000000,0.1655131494,0.1582834420,0.6762034086
6.5000000000,61.5000000000,0.1756032796,0.1592053352,0.6651913851
6.5000000000,62.5000000000,0.1655274034,0.1816906549,0.6527819417
7.5000000000,35.5000000000,0.3180070083,0.0561081550,0.6258848367
7.5000000000,36.5000000000,0.2842903032,0.0780557852,0.6376539116
7.5000000000,37.5000000000,0.2486515645,0.1188967666,0.6324516689
7.5000000000,43.5000000000,0.2202802559,0.1741435094,0.6055762347
7.5000000000,44.5000000000,0.2744332747,0.1221434172,0.6034233081
7.5000000000,45.5000000000,0.3314461610,0.0950222089,0.5735316301
7.5000000000,46.5000000000,0.3619633283,0.1086905376,0.5293461340
7.5000000000,47.5000000000,0.2773624963,0.2206569430,0.5019805606
7.5000000000,48.5000000000,0.2061122396,0.2426148374,0.5512729230
7.5000000000,49.5000000000,0.1526101631,0.2387402135,0.6086496234
7.5000000000,50.5000000000,0.1070466425,0.2472030446,0.6457503129
7.5000000000,51.5000000000,0.0797830522,0.2451815103,0.6750354376
7.5000000000,52.5000000000,0.0635611238,0.2317291759,0.7047097004
7.5000000000,53.5000000000,0.0547221643,0.2285817775,0.7166960581
7.5000000000,58.5000000000,0.1370741961,0.2055997093,0.6573260946
7.5000000000,59.5000000000,0.1908474253,0.1634753660,0.6456772088
7.5000000000,60.5000000000,0.2169896178,0.1468111999,0.6361991823
7.5000000000,61.5000000000,0.2181490402,0.1524429019,0.6294080579
7.5000000000,62.5000000000,0.2055253219,0.1690669724,0.6254077057
7.5000000000,63.5000000000,0.1764023960,0.2077957810,0.6158018230
8.5000000000,35.5000000000,0.2944748336,0.0689700565,0.6365551100
8.5000000000,36.5000000000,0.2687543731,0.0913829430,0.6398626839
8.5000000000,37.5000000000,0.2446409092,0.1231879763,0.6321711145
8.5000000000,38.5000000000,0.2451396970,0.1375298739,0.6173304291
8.5000000000,39.5000000000,0.2525541090,0.1432207340,0.6042251570
8.5000000000,40.5000000000,0.2556566809,0.1540135345,0.5903297846
8.5000000000,41.5000000000,0.2364646695,0.1922047587,0.5713305718
8.5000000000,42.5000000000,0.2475434705,0.1878202915,0.5646362380
8.5000000000,43.5000000000,0.2514274510,0.1811150939,0.5674574551
8.5000000000,44.5000000000,0.2568771648,0.1766929123,0.5664299229
8.5000000000,45.5000000000,0.2494196141,0.1794664739,0.5711139120
8.5000000000,46.5000000000,0.3444406563,0.0907755772,0.5647837666
8.5000000000,47.5000000000,0.2587696957,0.2026072246,0.5386230797
8.5000000000,48.5000000000,0.2173605179,0.2173540086,0.5652854734
8.5000000000,49.5000000000,0.1515546109,0.2590623664,0.5893830227
8.5000000000,50.5000000000,0.1196405295,0.2450045542,0.6353549162
8.5000000000,51.5000000000,0.0945683493,0.2298769008,0.6755547499
8.5000000000,52.5000000000,0.0680777826,0.2458106106,0.6861116068
8.5000000000,53.5000000000,0.0574927889,0.2353021173,0.7072050938
8.5000000000,54.5000000000,0.0528066096,0.2474648577,0.6997285327
8.5000000000,55.5000000000,0.0566687629,0.2327466832,0.7105845538
8.5000000000,56.5000000000,0.0665290508,0.2451691002,0.6883018490
8.5000000000,57.5000000000,0.0867071499,0.2841233367,0.6291695134
8.5000000000,58.5000000000,0.1354259585,0.2499556051,0.6146184364
8.5000000000,59.5000000000,0.1976567405,0.1979913725,0.6043518870
8.5000000000,60.5000000000,0.2400929363,0.1681502928,0.5917567709
8.5000000000,61.5000000000,0.2614221333,0.1478973203,0.5906805464
8.5000000000,62.5000000000,0.2438368255,0.1587221460,0.5974410285
8.5000000000,63.5000000000,0.1999755100,0.2059759571,0.5940485329
9.5000000000,35.5000000000,0.2613955624,0.0876255388,0.6509788988
9.5000000000,36.5000000000,0.2515167887,0.1030221864,0.6454610250
9.5000000000,37.5000000000,0.2371449636,0.1307439952,0.6321110412
9.5000000000,39.5000000000,0.2503708736,0.1616324721,0.5879966543
9.5000000000,40.5000000000,0.2587383749,0.1785599852,0.5627016399
9.5000000000,41.5000000000,0.2540433295,0.2012040450,0.5447526255
9.5000000000,42.5000000000,0.2804080224,0.1819776913,0.5376142863
9.5000000000,44.5000000000,0.2964582078,0.1796190496,0.5239227426
9.5000000000,45.5000000000,0.2558225266,0.1915064947,0.5526709787
9.5000000000,46.5000000000,0.3408275117,0.0818215522,0.5773509361
9.5000000000,47.5000000000,0.2593453155,0.1688873509,0.5717673336
9.5000000000,48.5000000000,0.1992342277,0.2186219373,0.5821438349
9.5000000000,49.5000000000,0.1636951841,0.2409802197,0.5953245962
9.5000000000,50.5000000000,0.1376922319,0.2335945931,0.6287131750
9.5000000000,51.5000000000,0.1033339267,0.2535210859,0.6431449874
9.5000000000,52.5000000000,0.0770813193,0.2607550460,0.6621636348
9.5000000000,53.5000000000,0.0634710924,0.2535180129,0.6830108946
9.5000000000,54.5000000000,0.0581838778,0.2562490152,0.6855671070
9.5000000000,55.5000000000,0.0602912361,0.2602276156,0.6794811484
9.5000000000,56.5000000000,0.0726314352,0.2699168620,0.6574517027
9.5000000000,57.5000000000,0.0948766086,0.3096673195,0.5954560719
9.5000000000,58.5000000000,0.1323275848,0.3193084201,0.5483639950
9.5000000000,59.5000000000,0.1943908173,0.2642547475,0.5413544352
9.5000000000,60.5000000000,0.2522335921,0.2065896048,0.5411768031
9.5000000000,61.5000000000,0.2790338618,0.1721669914,0.5487991468
9.5000000000,62.5000000000,0.2691003770,0.1566037753,0.5742958477
9.5000000000,63.5000000000,0.2146816945,0.2025249538,0.5827933517
10.5000000000,35.5000000000,0.2293134684,0.1022434527,0.6684430789
10.5000000000,36.5000000000,0.2254893944,0.1174740681,0.6570365375
10.5000000000,37.5000000000,0.2288765412,0.1291292581,0.6419942007
10.5000000000,42.5000000000,0.2565516568,0.2351869385,0.5082614047
10.5000000000,43.5000000000,0.2892091495,0.2140201751,0.4967706754
10.5000000000,44.5000000000,0.3254088556,0.1846025243,0.4899886201
10.5000000000,45.5000000000,0.2859487704,0.1824230320,0.5316281976
10.5000000000,46.5000000000,0.3853490650,0.0681380597,0.5465128753
10.5000000000,47.5000000000,0.3241092311,0.1126374416,0.5632533272
10.5000000000,48.5000000000,0.2359620954,0.2032182279,0.5608196767
10.5000000000,49.5000000000,0.2063756001,0.2121479003,0.5814764997
10.5000000000,50.5000000000,0.1749180390,0.2103575407,0.6147244203
10.5000000000,51.5000000000,0.1351276867,0.2306338454,0.6342384679
10.5000000000,52.5000000000,0.0957620426,0.2639292796,0.6403086778
10.5000000000,53.5000000000,0.0755454482,0.2754428867,0.6490116650
10.5000000000,54.5000000000,0.0643576305,0.3091447729,0.6264975967
10.5000000000,55.5000000000,0.0650438964,0.3319978596,0.6029582439
10.5000000000,56.5000000000,0.0787501981,0.3379649168,0.5832848851
10.5000000000,57.5000000000,0.1062347932,0.3491343270,0.5446308798
10.5000000000,59.5000000000,0.1932094176,0.3356177145,0.4711728680
10.5000000000,60.5000000000,0.2639322623,0.2446418652,0.4914258725
10.5000000000,61.5000000000,0.2958546744,0.1870285294,0.5171167962
10.5000000000,62.5000000000,0.2604793691,0.1713733759,0.5681472550
10.5000000000,63.5000000000,0.2273020035,0.2053750492,0.5673229473
10.5000000000,64.5000000000,0.2217395327,0.2153480999,0.5629123674
11.5000000000,35.5000000000,0.2085450576,0.1185126120,0.6729423305
11.5000000000,36.5000000000,0.2021865796,0.1360025622,0.6618108582
11.5000000000,42.5000000000,0.2412891697,0.2317030135,0.5270078168
11.5000000000,43.5000000000,0.2638070372,0.2013922810,0.5348006818
11.5000000000,44.5000000000,0.2649430351,0.2182486924,0.5168082725
11.5000000000,45.5000000000,0.2808857733,0.1923875177,0.5267267090
11.5000000000,46.5000000000,0.3885534740,0.0894042013,0.5220423247
11.5000000000,47.5000000000,0.3786928299,0.1103666382,0.5109405319
11.5000000000,48.5000000000,0.3029492508,0.1900831755,0.5069675737
11.5000000000,49.5000000000,0.2792907235,0.1869265382,0.5337827383
11.5000000000,50.5000000000,0.2362899658,0.1828926364,0.5808173978
11.5000000000,51.5000000000,0.1587452045,0.2544707383,0.5867840572
11.5000000000,52.5000000000,0.1153764473,0.2818998347,0.6027237180
11.5000000000,53.5000000000,0.0885443086,0.2980110323,0.6134446591
11.5000000000,54.5000000000,0.0715860239,0.3572470316,0.5711669445
11.5000000000,55.5000000000,0.0707471770,0.3974558878,0.5317969351
11.5000000000,57.5000000000,0.1108135326,0.4290771791,0.4601092883
11.5000000000,58.5000000000,0.1668180291,0.3983554277,0.4348265432
11.5000000000,59.5000000000,0.2276641346,0.3371964443,0.4351394211
11.5000000000,60.5000000000,0.2769959340,0.2690706459,0.4539334201
11.5000000000,61.5000000000,0.3049109018,0.2069014145,0.4881876837
11.5000000000,62.5000000000,0.2907566227,0.1809432006,0.5283001767
11.5000000000,63.5000000000,0.2592957145,0.2055488608,0.5351554246
11.5000000000,64.5000000000,0.2442979957,0.2258705346,0.5298314697
11.5000000000,65.5000000000,0.2196998900,0.2395405103,0.5407595997
12.5000000000,37.5000000000,0.1866769662,0.1608307612,0.6524922726
12.5000000000,38.5000000000,0.1879770451,0.1988719759,0.6131509791
12.5000000000,41.5000000000,0.2019979204,0.2986784896,0.4993235900
12.5000000000,42.5000000000,0.2073412767,0.2449575792,0.5477011440
12.5000000000,43.5000000000,0.2060840395,0.2161419828,0.5777739777
12.5000000000,44.5000000000,0.2151697660,0.2345911398,0.5502390941
12.5000000000,45.5000000000,0.2595747633,0.2056922136,0.5347330231
12.5000000000,46.5000000000,0.4143018274,0.0946103315,0.4910878410
12.5000000000,47.5000000000,0.4524481591,0.0993117568,0.4482400842
12.5000000000,48.5000000000,0.3866209749,0.1823163469,0.4310626782
12.5000000000,49.5000000000,0.3880984770,0.1538200905,0.4580814324
12.5000000000,50.5000000000,0.3150812065,0.1717602716,0.5131585219
12.5000000000,51.5000000000,0.2007849359,0.2503716753,0.5488433888
12.5000000000,52.5000000000,0.1477270583,0.2514798120,0.6007931297
12.5000000000,53.5000000000,0.1080565932,0.2988841575,0.5930592494
12.5000000000,54.5000000000,0.0878903586,0.3469573112,0.5651523302
12.5000000000,55.5000000000,0.0806379396,0.4162292707,0.5031327897
12.5000000000,56.5000000000,0.0964951635,0.4264942309,0.4770106055
12.5000000000,57.5000000000,0.1392890168,0.4106615984,0.4500493848
12.5000000000,58.5000000000,0.1973528266,0.3953464384,0.4073007351
12.5000000000,59.5000000000,0.2653801246,0.3313045144,0.4033153611
12.5000000000,60.5000000000,0.3180775813,0.2605889306,0.4213334881
12.5000000000,61.5000000000,0.3386001686,0.2094154370,0.4519843944
12.5000000000,62.5000000000,0.3302646366,0.1861966526,0.4835387108
12.5000000000,63.5000000000,0.3061025060,0.1975510209,0.4963464731
12.5000000000,64.5000000000,0.2798682644,0.2181307378,0.5020009978
12.5000000000,65.5000000000,0.2449323935,0.2325142518,0.5225533548
12.5000000000,66.5000000000,0.2051019023,0.2553930959,0.5395050018
12.5000000000,67.5000000000,0.1887958337,0.2584856602,0.5527185061
13.5000000000,37.5000000000,0.1897471725,0.1617958688,0.6484569586
13.5000000000,38.5000000000,0.1707772644,0.2200063721,0.6092163635
13.5000000000,41.5000000000,0.1925549189,0.2592776767,0.5481674044
13.5000000000,42.5000000000,0.2097719377,0.2080713234,0.5821567389
13.5000000000,43.5000000000,0.1770895013,0.2405992719,0.5823112268
13.5000000000,44.5000000000,0.2049631504,0.2217565763,0.5732802733
13.5000000000,45.5000000000,0.2647890366,0.1895851217,0.5456258418
13.5000000000,46.5000000000,0.4052131605,0.1119267042,0.4828601353
13.5000000000,47.5000000000,0.5070134683,0.0889429749,0.4040435568
13.5000000000,48.5000000000,0.4905789094,0.1445981609,0.3648229297
13.5000000000,49.5000000000,0.4831274214,0.1358194886,0.3810530900
13.5000000000,50.5000000000,0.3952986156,0.1629074002,0.4417939843
13.5000000000,51.5000000000,0.2589108404,0.2332523367,0.5078368229
13.5000000000,52.5000000000,0.1847189244,0.2431683099,0.5721127656
13.5000000000,53.5000000000,0.1320361098,0.2990548110,0.5689090792
13.5000000000,54.5000000000,0.1105844102,0.3326937608,0.5567218289
13.5000000000,55.5000000000,0.1031832946,0.3979881037,0.4988286016
13.5000000000,56.5000000000,0.1284848487,0.3928744266,0.4786407247
13.5000000000,57.5000000000,0.1915001686,0.3568265497,0.4516732817
13.5000000000,58.5000000000,0.2544350206,0.3580481922,0.3875167872
13.5000000000,59.5000000000,0.3154987981,0.3190986983,0.3654025036
13.5000000000,60.5000000000,0.3750578029,0.2501369864,0.3748052108
13.5000000000,61.5000000000,0.3875339848,0.2127438785,0.3997221367
13.5000000000,62.5000000000,0.3842388172,0.2003449004,0.4154162824
13.5000000000,63.5000000000,0.3631917182,0.2075281022,0.4292801797
13.5000000000,64.5000000000,0.3308702711,0.2114940522,0.4576356767
13.5000000000,65.5000000000,0.2844153170,0.2191454651,0.4964392179
13.5000000000,66.5000000000,0.2259101281,0.2466014852,0.5274883867
13.5000000000,67.5000000000,0.1889630258,0.2771625602,0.5338744140
13.5000000000,68.5000000000,0.1756397483,0.2857534695,0.5386067822
14.5000000000,35.5000000000,0.1778444221,0.1786002737,0.6435553042
14.5000000000,36.5000000000,0.1715411594,0.1954685629,0.6329902777
14.5000000000,37.5000000000,0.1961092966,0.1670168527,0.6368738506
14.5000000000,38.5000000000,0.1699009491,0.2143741104,0.6157249405
14.5000000000,40.5000000000,0.1537802478,0.2684428208,0.5777769314
14.5000000000,41.5000000000,0.1784352340,0.2322714074,0.5892933586
14.5000000000,42.5000000000,0.1527395494,0.2756018118,0.5716586388
14.5000000000,44.5000000000,0.1932423194,0.2238512428,0.5829064378
14.5000000000,45.5000000000,0.2803402830,0.1658285026,0.5538312144
14.5000000000,46.5000000000,0.3800928296,0.1266829029,0.4932242676
14.5000000000,47.5000000000,0.4951936835,0.0901443415,0.4146619750
14.5000000000,48.5000000000,0.4890287368,0.1343778046,0.3765934587
14.5000000000,49.5000000000,0.4813767454,0.1431373965,0.3754858581
14.5000000000,50.5000000000,0.4059531464,0.1795515189,0.4144953347
14.5000000000,51.5000000000,0.3097647909,0.2194656275,0.4707695816
14.5000000000,52.5000000000,0.2240191060,0.2462426092,0.5297382848
14.5000000000,53.5000000000,0.1648824204,0.2802635947,0.5548539848
14.5000000000,54.5000000000,0.1267321811,0.3656816512,0.5075861677
14.5000000000,55.5000000000,0.1361491460,0.3710321881,0.4928186659
14.5000000000,56.5000000000,0.1692356942,0.3629841607,0.4677801452
14.5000000000,57.5000000000,0.2450421291,0.3205590954,0.4343987755
14.5000000000,58.5000000000,0.3117540690,0.3214053954,0.3668405356
14.5000000000,59.5000000000,0.3899682219,0.2809056660,0.3291261121
14.5000000000,60.5000000000,0.4348749441,0.2426155503,0.3225095056
14.5000000000,61.5000000000,0.4508666326,0.2153200529,0.3338133145
14.5000000000,62.5000000000,0.4393254455,0.2151623763,0.3455121782
14.5000000000,63.5000000000,0.4156757612,0.2257407432,0.3585834956
14.5000000000,64.5000000000,0.3803900304,0.2148225194,0.4047874502
14.5000000000,65.5000000000,0.3248635519,0.2149249877,0.4602114604
14.5000000000,66.5000000000,0.2577506870,0.2324721148,0.5097771982
14.5000000000,67.5000000000,0.1961600654,0.2930833865,0.5107565481
14.5000000000,68.5000000000,0.1786340637,0.3070975106,0.5142684257
15.5000000000,36.5000000000,0.1779034972,0.2058179269,0.6162785760
15.5000000000,37.5000000000,0.1786017340,0.2103988508,0.6109994153
15.5000000000,38.5000000000,0.1740901074,0.2180287906,0.6078811020
15.5000000000,39.5000000000,0.1416229493,0.2893370700,0.5690399806
15.5000000000,40.5000000000,0.1646798675,0.2320802629,0.6032398696
15.5000000000,41.5000000000,0.1443174646,0.2844032383,0.5712792971
15.5000000000,43.5000000000,0.1525496543,0.2705866230,0.5768637227
15.5000000000,44.5000000000,0.2122289992,0.1842799356,0.6034910652
15.5000000000,45.5000000000,0.2564116751,0.1760985249,0.5674898000
15.5000000000,46.5000000000,0.3329686169,0.1512434280,0.5157879551
15.5000000000,47.5000000000,0.4386745747,0.1107373899,0.4505880355
15.5000000000,48.5000000000,0.4472839099,0.1466441417,0.4060719484
15.5000000000,49.5000000000,0.4939084823,0.1325030223,0.3735884954
15.5000000000,50.5000000000,0.4533785876,0.1563848871,0.3902365253
15.5000000000,51.5000000000,0.3547529014,0.2023326553,0.4429144432
15.5000000000,52.5000000000,0.2741054778,0.2300891201,0.4958054021
15.5000000000,53.5000000000,0.2112332781,0.2777952231,0.5109714988
15.5000000000,54.5000000000,0.1679035446,0.3324254867,0.4996709687
15.5000000000,55.5000000000,0.1798329487,0.3250955123,0.4950715390
15.5000000000,56.5000000000,0.2201962606,0.3164476320,0.4633561073
15.5000000000,57.5000000000,0.3020448010,0.2891650032,0.4087901959
15.5000000000,58.5000000000,0.3623874874,0.2978089531,0.3398035595
15.5000000000,59.5000000000,0.4225754919,0.2762508795,0.3011736287
15.5000000000,60.5000000000,0.4734003787,0.2395313496,0.2870682717
15.5000000000,61.5000000000,0.4882410288,0.2213643644,0.2903946069
15.5000000000,62.5000000000,0.4792424758,0.2175473392,0.3032101850
15.5000000000,63.5000000000,0.4469749663,0.2284742796,0.3245507541
15.5000000000,64.5000000000,0.3989441170,0.2356694905,0.3653863925
15.5000000000,65.5000000000,0.3487208299,0.2336552756,0.4176238946
15.5000000000,66.5000000000,0.2959303388,0.2387398741,0.4653297871
15.5000000000,67.5000000000,0.2215534938,0.3001970938,0.4782494125
15.5000000000,68.5000000000,0.1855637344,0.3320546842,0.4823815814
15.5000000000,69.5000000000,0.1644871385,0.3527831434,0.4827297181
16.5000000000,37.5000000000,0.1722282805,0.2615729670,0.5661987526
16.5000000000,38.5000000000,0.1799280299,0.2415880391,0.5784839311
16.5000000000,39.5000000000,0.1830935464,0.2318869650,0.5850194886
16.5000000000,40.5000000000,0.1565188030,0.2709945732,0.5724866238
16.5000000000,41.5000000000,0.1340285520,0.3241200539,0.5418513942
16.5000000000,42.5000000000,0.1408038710,0.3051020858,0.5540940431
16.5000000000,43.5000000000,0.1754486148,0.2423508434,0.5822005418
16.5000000000,44.5000000000,0.2273528722,0.1796591070,0.5929880208
16.5000000000,45.5000000000,0.2503558569,0.1787375887,0.5709065544
16.5000000000,46.5000000000,0.3003922900,0.1708760479,0.5287316621
16.5000000000,47.5000000000,0.3512704424,0.1649994588,0.4837300988
16.5000000000,48.5000000000,0.3789053592,0.1791941470,0.4419004938
16.5000000000,49.5000000000,0.4618883490,0.1441829765,0.3939286745
16.5000000000,50.5000000000,0.4665020069,0.1528346967,0.3806632964
16.5000000000,51.5000000000,0.3587047457,0.2088843739,0.4324108804
16.5000000000,52.5000000000,0.2853927982,0.2274364803,0.4871707215
16.5000000000,53.5000000000,0.2460114745,0.2385739823,0.5154145433
16.5000000000,54.5000000000,0.2116058436,0.2662664045,0.5221277519
16.5000000000,56.5000000000,0.2545020444,0.3061997092,0.4392982465
16.5000000000,57.5000000000,0.3313080847,0.2852645339,0.3834273814
16.5000000000,58.5000000000,0.3988711876,0.2781101080,0.3230187045
16.5000000000,59.5000000000,0.4457064505,0.2634852469,0.2908083025
16.5000000000,60.5000000000,0.4916826084,0.2347168798,0.2736005118
16.5000000000,61.5000000000,0.5062688385,0.2241017542,0.2696294074
16.5000000000,62.5000000000,0.5016765886,0.2165052268,0.2818181846
16.5000000000,63.5000000000,0.4620745914,0.2342107274,0.3037146812
16.5000000000,64.5000000000,0.4193115621,0.2452148419,0.3354735961
16.5000000000,65.5000000000,0.3631701878,0.2586333452,0.3781964670
16.5000000000,66.5000000000,0.3202008620,0.2613565914,0.4184425467
16.5000000000,67.5000000000,0.2688031048,0.2852694760,0.4459274192
16.5000000000,68.5000000000,0.1974155163,0.3557903646,0.4467941191
16.5000000000,69.5000000000,0.1671104102,0.3831072772,0.4497823126
17.5000000000,38.5000000000,0.1771995601,0.2938266390,0.5289738009
17.5000000000,39.5000000000,0.1715296203,0.2931193441,0.5353510356
17.5000000000,40.5000000000,0.1535052264,0.3205393163,0.5259554573
17.5000000000,41.5000000000,0.1426656874,0.3411566793,0.5161776334
17.5000000000,42.5000000000,0.1550055719,0.3060126700,0.5389817582
17.5000000000,43.5000000000,0.2160392266,0.2037873938,0.5801733796
17.5000000000,44.5000000000,0.2386794030,0.1866961001,0.5746244969
17.5000000000,45.5000000000,0.2465193373,0.2066995511,0.5467811116
17.5000000000,46.5000000000,0.2898748421,0.1870227264,0.5231024315
17.5000000000,47.5000000000,0.3212290012,0.1909577791,0.4878132197
17.5000000000,48.5000000000,0.3534102386,0.1908293077,0.4557604537
17.5000000000,49.5000000000,0.4163247546,0.1672343187,0.4164409267
17.5000000000,50.5000000000,0.4080565855,0.1773872447,0.4145561699
17.5000000000,51.5000000000,0.3421048658,0.2025606032,0.4553345310
17.5000000000,52.5000000000,0.2817488125,0.2164360697,0.5018151178
17.5000000000,53.5000000000,0.2570444288,0.2243289858,0.5186265854
17.5000000000,54.5000000000,0.2336252737,0.2363611254,0.5300136009
17.5000000000,57.5000000000,0.3344203951,0.2801349014,0.3854447035
17.5000000000,58.5000000000,0.3988664994,0.2655748668,0.3355586338
17.5000000000,59.5000000000,0.4428602107,0.2566509229,0.3004888664
17.5000000000,60.5000000000,0.4761445031,0.2428990672,0.2809564297
17.5000000000,61.5000000000,0.4871334822,0.2389394009,0.2739271169
17.5000000000,62.5000000000,0.4892882205,0.2311369758,0.2795748037
17.5000000000,63.5000000000,0.4715126229,0.2361633178,0.2923240592
17.5000000000,64.5000000000,0.4388356042,0.2459885632,0.3151758326
