Lon,Lat,C_KK10LonLatElev,B_KK10LonLatElev,U_KK10LonLatElev
-10.5000000000,51.5000000000,0.1138301406,0.2634188239,0.6227510355
-10.5000000000,52.5000000000,0.1108741098,0.2658531813,0.6232727089
-10.5000000000,53.5000000000,0.1103780852,0.2806971930,0.6089247217
-10.5000000000,54.5000000000,0.1112403063,0.2855213108,0.6032383830
-9.5000000000,38.5000000000,0.1882263826,0.2419707001,0.5698029173
-9.5000000000,39.5000000000,0.1822599867,0.2487606083,0.5689794050
-9.5000000000,42.5000000000,0.1666172443,0.2609467788,0.5724359769
-9.5000000000,43.5000000000,0.1606922672,0.2614074208,0.5779003120
-9.5000000000,51.5000000000,0.1157542590,0.2622195773,0.6220261636
-9.5000000000,52.5000000000,0.1132066592,0.2706288373,0.6161645035
-9.5000000000,53.5000000000,0.1122803665,0.2803476429,0.6073719906
-9.5000000000,54.5000000000,0.1109577043,0.2831876468,0.6058546488
-8.5000000000,37.5000000000,0.1986958048,0.2227497042,0.5785544910
-8.5000000000,38.5000000000,0.1924832981,0.2321374030,0.5753792989
-8.5000000000,39.5000000000,0.1886320709,0.2336397509,0.5777281782
-8.5000000000,40.5000000000,0.1838543405,0.2384912493,0.5776544102
-8.5000000000,41.5000000000,0.1813560759,0.2378099028,0.5808340213
-8.5000000000,42.5000000000,0.1789352406,0.2344737604,0.5865909990
-8.5000000000,43.5000000000,0.1659586440,0.2518039327,0.5822374234
-8.5000000000,51.5000000000,0.1133913656,0.2617172086,0.6248914258
-8.5000000000,52.5000000000,0.1127229857,0.2628634922,0.6244135221
-8.5000000000,53.5000000000,0.1092529217,0.2709813918,0.6197656865
-8.5000000000,54.5000000000,0.1098518633,0.2735726194,0.6165755173
-8.5000000000,55.5000000000,0.1099732409,0.2862752164,0.6037515427
-7.5000000000,37.5000000000,0.2028951573,0.2134699502,0.5836348926
-7.5000000000,38.5000000000,0.1999957456,0.2154359959,0.5845682585
-7.5000000000,39.5000000000,0.1972210181,0.2172516893,0.5855272926
-7.5000000000,40.5000000000,0.2020420378,0.2020097090,0.5959482532
-7.5000000000,41.5000000000,0.1978382818,0.2059013936,0.5962603246
-7.5000000000,42.5000000000,0.1954313445,0.2036349659,0.6009336896
-7.5000000000,43.5000000000,0.1748778913,0.2335365593,0.5915855494
-7.5000000000,51.5000000000,0.1093979467,0.2517555901,0.6388464632
-7.5000000000,52.5000000000,0.1081499050,0.2438846340,0.6479654610
-7.5000000000,53.5000000000,0.1054985473,0.2552770872,0.6392243655
-7.5000000000,54.5000000000,0.1078375148,0.2642513216,0.6279111636
-7.5000000000,55.5000000000,0.1080544280,0.2878061604,0.6041394116
-7.5000000000,57.5000000000,0.1169704700,0.2963706735,0.5866588565
-7.5000000000,58.5000000000,0.1213088887,0.3024369252,0.5762541861
-7.5000000000,62.5000000000,0.1361426903,0.3374756856,0.5263816240
-6.5000000000,35.5000000000,0.2103973088,0.2049263800,0.5846763111
-6.5000000000,36.5000000000,0.2067637372,0.2099162078,0.5833200550
-6.5000000000,37.5000000000,0.2097557804,0.2019620608,0.5882821588
-6.5000000000,38.5000000000,0.2117633168,0.1944575627,0.5937791205
-6.5000000000,39.5000000000,0.2034976459,0.2057143505,0.5907880037
-6.5000000000,40.5000000000,0.2094388005,0.1901322533,0.6004289462
-6.5000000000,41.5000000000,0.2053412281,0.1929784541,0.6016803178
-6.5000000000,42.5000000000,0.2130695724,0.1719501724,0.6149802552
-6.5000000000,43.5000000000,0.1797205469,0.2232859111,0.5969935420
-6.5000000000,52.5000000000,0.1057618801,0.2488672357,0.6453708842
-6.5000000000,53.5000000000,0.1043355309,0.2595899499,0.6360745192
-6.5000000000,54.5000000000,0.1050316711,0.2718613684,0.6231069605
-6.5000000000,55.5000000000,0.1066029578,0.2978112764,0.5955857658
-6.5000000000,56.5000000000,0.1119612631,0.3057574267,0.5822813102
-6.5000000000,57.5000000000,0.1189963471,0.3027811101,0.5782225428
-6.5000000000,58.5000000000,0.1229212833,0.3100406956,0.5670380212
-6.5000000000,61.5000000000,0.1332249067,0.3332859681,0.5334891251
-6.5000000000,62.5000000000,0.1365412229,0.3392645598,0.5241942173
-5.5000000000,35.5000000000,0.2250064038,0.1777580595,0.5972355367
-5.5000000000,36.5000000000,0.2218364742,0.1822831692,0.5958803566
-5.5000000000,37.5000000000,0.2151880680,0.1918246817,0.5929872504
-5.5000000000,38.5000000000,0.2196633419,0.1782859477,0.6020507104
-5.5000000000,39.5000000000,0.2125885354,0.1877488074,0.5996626572
-5.5000000000,40.5000000000,0.2256481855,0.1622779623,0.6120738522
-5.5000000000,41.5000000000,0.2110363438,0.1827791796,0.6061844766
-5.5000000000,42.5000000000,0.2115010949,0.1764348256,0.6120640795
-5.5000000000,43.5000000000,0.1821641313,0.2197649211,0.5980709476
-5.5000000000,50.5000000000,0.1099862719,0.2414572496,0.6485564785
-5.5000000000,51.5000000000,0.1061389886,0.2472086750,0.6466523364
-5.5000000000,54.5000000000,0.1014190339,0.2919986045,0.6065823616
-5.5000000000,55.5000000000,0.1057265033,0.3076636087,0.5866098880
-5.5000000000,56.5000000000,0.1161848534,0.3099687747,0.5738463719
-5.5000000000,57.5000000000,0.1256865884,0.3104270293,0.5638863822
-5.5000000000,58.5000000000,0.1245291057,0.3325244562,0.5429464382
-4.5000000000,35.5000000000,0.2236578004,0.1770704210,0.5992717786
-4.5000000000,36.5000000000,0.2229937609,0.1772538634,0.5997523757
-4.5000000000,37.5000000000,0.2292521346,0.1649710971,0.6057767683
-4.5000000000,38.5000000000,0.2299784590,0.1607817901,0.6092397509
-4.5000000000,39.5000000000,0.2265814474,0.1633879977,0.6100305549
-4.5000000000,40.5000000000,0.2294169465,0.1558336481,0.6147494054
-4.5000000000,41.5000000000,0.2187771699,0.1704815242,0.6107413059
-4.5000000000,42.5000000000,0.2161767456,0.1696616191,0.6141616352
-4.5000000000,43.5000000000,0.1836912593,0.2169051015,0.5994036391
-4.5000000000,47.5000000000,0.1281268083,0.2381381324,0.6337350593
-4.5000000000,48.5000000000,0.1204505632,0.2351540056,0.6443954312
-4.5000000000,50.5000000000,0.1114925000,0.2376605547,0.6508469453
-4.5000000000,51.5000000000,0.1072099849,0.2471975660,0.6455924491
-4.5000000000,52.5000000000,0.1047562825,0.2647001361,0.6305435815
-4.5000000000,53.5000000000,0.1024291456,0.2874032152,0.6101676392
-4.5000000000,54.5000000000,0.1024986159,0.3046650551,0.5928363291
-4.5000000000,55.5000000000,0.1086205124,0.3086201589,0.5827593287
-4.5000000000,56.5000000000,0.1237336612,0.3042822368,0.5719841020
-4.5000000000,57.5000000000,0.1303130982,0.3174945796,0.5521923223
-4.5000000000,58.5000000000,0.1277036743,0.3414902376,0.5308060881
-3.5000000000,35.5000000000,0.2251837383,0.1716654026,0.6031508590
-3.5000000000,36.5000000000,0.2284270427,0.1656979266,0.6058750307
-3.5000000000,37.5000000000,0.2525988799,0.1286343718,0.6187667483
-3.5000000000,38.5000000000,0.2378975125,0.1473822725,0.6147202150
-3.5000000000,39.5000000000,0.2321702050,0.1510309290,0.6167988660
-3.5000000000,40.5000000000,0.2283917327,0.1534736960,0.6181345713
-3.5000000000,41.5000000000,0.2316841558,0.1477596263,0.6205562179
-3.5000000000,42.5000000000,0.2194436286,0.1662317691,0.6143246022
-3.5000000000,43.5000000000,0.1818805732,0.2222080877,0.5959113391
-3.5000000000,47.5000000000,0.1302707310,0.2354991086,0.6342301604
-3.5000000000,48.5000000000,0.1247876214,0.2278905257,0.6473218529
-3.5000000000,50.5000000000,0.1133549262,0.2390587227,0.6475863511
-3.5000000000,51.5000000000,0.1124464880,0.2466550891,0.6408984229
-3.5000000000,52.5000000000,0.1130067194,0.2567056287,0.6302876518
-3.5000000000,53.5000000000,0.1056186081,0.2990705232,0.5953108687
-3.5000000000,54.5000000000,0.1045740555,0.3178334793,0.5775924652
-3.5000000000,55.5000000000,0.1111957341,0.3104681769,0.5783360889
-3.5000000000,56.5000000000,0.1189702173,0.3128955046,0.5681342781
-3.5000000000,57.5000000000,0.1264670723,0.3227948601,0.5507380676
-3.5000000000,58.5000000000,0.1258977487,0.3442808458,0.5298214055
-3.5000000000,59.5000000000,0.1283780306,0.3467705400,0.5248514293
-2.5000000000,35.5000000000,0.2258629523,0.1687075239,0.6054295238
-2.5000000000,36.5000000000,0.2272132495,0.1649529518,0.6078337987
-2.5000000000,37.5000000000,0.2574501084,0.1182290625,0.6243208291
-2.5000000000,38.5000000000,0.2528429343,0.1208871409,0.6262699248
-2.5000000000,39.5000000000,0.2381266881,0.1356391772,0.6262341347
-2.5000000000,40.5000000000,0.2355450295,0.1338760682,0.6305789023
-2.5000000000,41.5000000000,0.2317013732,0.1394498519,0.6288487749
-2.5000000000,42.5000000000,0.2152332332,0.1673869754,0.6173797914
-2.5000000000,43.5000000000,0.1774806818,0.2234976055,0.5990217127
-2.5000000000,46.5000000000,0.1411832800,0.2355064684,0.6233102515
-2.5000000000,47.5000000000,0.1329542818,0.2331390818,0.6339066364
-2.5000000000,48.5000000000,0.1263402629,0.2311398130,0.6425199242
-2.5000000000,49.5000000000,0.1188967259,0.2389110265,0.6421922476
-2.5000000000,50.5000000000,0.1155231352,0.2457773356,0.6386995292
-2.5000000000,51.5000000000,0.1143415660,0.2599493694,0.6257090646
-2.5000000000,52.5000000000,0.1126449420,0.2846421909,0.6027128671
-2.5000000000,53.5000000000,0.1100901960,0.3144742834,0.5754355206
-2.5000000000,54.5000000000,0.1140797944,0.3208360630,0.5650841425
-2.5000000000,55.5000000000,0.1141854188,0.3316702975,0.5541442837
-2.5000000000,56.5000000000,0.1159204849,0.3450214810,0.5390580340
-2.5000000000,57.5000000000,0.1234123154,0.3406367422,0.5359509424
-2.5000000000,58.5000000000,0.1250200266,0.3491513673,0.5258286061
-1.5000000000,35.5000000000,0.2295673180,0.1614466318,0.6089860502
-1.5000000000,36.5000000000,0.2237906749,0.1675825644,0.6086267608
-1.5000000000,37.5000000000,0.2286273852,0.1537507873,0.6176218275
-1.5000000000,38.5000000000,0.2379282397,0.1339522673,0.6281194930
-1.5000000000,39.5000000000,0.2371230403,0.1276963729,0.6351805867
-1.5000000000,40.5000000000,0.2428463214,0.1159093035,0.6412443752
-1.5000000000,41.5000000000,0.2172977660,0.1544838285,0.6282184055
-1.5000000000,42.5000000000,0.2013825728,0.1790277910,0.6195896362
-1.5000000000,43.5000000000,0.1757341890,0.2145121776,0.6097536334
-1.5000000000,44.5000000000,0.1610764587,0.2307968627,0.6081266786
-1.5000000000,45.5000000000,0.1521235458,0.2318338053,0.6160426489
-1.5000000000,46.5000000000,0.1439368713,0.2300662032,0.6259969255
-1.5000000000,47.5000000000,0.1364670438,0.2295726073,0.6339603489
-1.5000000000,48.5000000000,0.1303757866,0.2284611842,0.6411630292
-1.5000000000,49.5000000000,0.1239334968,0.2359479194,0.6401185838
-1.5000000000,50.5000000000,0.1192738703,0.2459821644,0.6347439654
-1.5000000000,51.5000000000,0.1190049784,0.2600109253,0.6209840963
-1.5000000000,52.5000000000,0.1160254402,0.2947339398,0.5892406200
-1.5000000000,53.5000000000,0.1150135205,0.3244712380,0.5605152415
-1.5000000000,54.5000000000,0.1132371869,0.3528725955,0.5338902176
-1.5000000000,55.5000000000,0.1134813156,0.3626887293,0.5238299551
-1.5000000000,57.5000000000,0.1220748551,0.3526657130,0.5252594318
-1.5000000000,59.5000000000,0.1298870818,0.3406481269,0.5294647913
-1.5000000000,60.5000000000,0.1336566726,0.3323701597,0.5339731677
-0.5000000000,35.5000000000,0.2360296684,0.1497066358,0.6142636958
-0.5000000000,37.5000000000,0.2192454382,0.1658115141,0.6149430477
-0.5000000000,38.5000000000,0.2247196789,0.1476131025,0.6276672185
-0.5000000000,39.5000000000,0.2174429214,0.1494526468,0.6331044318
-0.5000000000,40.5000000000,0.2338674547,0.1241132730,0.6420192723
-0.5000000000,41.5000000000,0.2044728902,0.1716409053,0.6238862045
-0.5000000000,42.5000000000,0.2161627621,0.1460352290,0.6378020089
-0.5000000000,43.5000000000,0.1762572657,0.2062867330,0.6174560013
-0.5000000000,44.5000000000,0.1633924326,0.2212479009,0.6153596665
-0.5000000000,45.5000000000,0.1552650647,0.2251118724,0.6196230629
-0.5000000000,46.5000000000,0.1501736914,0.2209123579,0.6289139508
-0.5000000000,47.5000000000,0.1422495158,0.2253481984,0.6324022857
-0.5000000000,48.5000000000,0.1385736890,0.2186312789,0.6427950321
-0.5000000000,49.5000000000,0.1294160786,0.2315668280,0.6390170935
-0.5000000000,50.5000000000,0.1249574000,0.2424044426,0.6326381574
-0.5000000000,51.5000000000,0.1237431238,0.2599790740,0.6162778023
-0.5000000000,52.5000000000,0.1201334837,0.3024706345,0.5773958817
-0.5000000000,53.5000000000,0.1167052806,0.3413257416,0.5419689777
-0.5000000000,54.5000000000,0.1165686338,0.3598136022,0.5236177640
-0.5000000000,60.5000000000,0.1352725910,0.3367490210,0.5279783880
0.5000000000,35.5000000000,0.2419505528,0.1419784009,0.6160710464
0.5000000000,36.5000000000,0.2261282657,0.1646482291,0.6092235052
0.5000000000,38.5000000000,0.2136173927,0.1700531123,0.6163294951
0.5000000000,40.5000000000,0.2058376282,0.1713597369,0.6228026349
0.5000000000,41.5000000000,0.2011794739,0.1744169960,0.6244035301
0.5000000000,42.5000000000,0.2226538562,0.1305183406,0.6468278032
0.5000000000,43.5000000000,0.1793153814,0.1971358640,0.6235487545
0.5000000000,44.5000000000,0.1678984892,0.2113618681,0.6207396426
0.5000000000,45.5000000000,0.1645272426,0.2103928065,0.6250799508
0.5000000000,46.5000000000,0.1578734322,0.2142587733,0.6278677945
0.5000000000,47.5000000000,0.1513565882,0.2177936565,0.6308497552
0.5000000000,48.5000000000,0.1472160905,0.2130790158,0.6397048937
0.5000000000,49.5000000000,0.1388794818,0.2221788354,0.6389416828
0.5000000000,50.5000000000,0.1321788910,0.2383218315,0.6294992775
0.5000000000,51.5000000000,0.1306378382,0.2645705240,0.6047916378
0.5000000000,52.5000000000,0.1273968109,0.3071201692,0.5654830199
0.5000000000,53.5000000000,0.1244937501,0.3378010071,0.5377052429
1.5000000000,35.5000000000,0.2593438981,0.1251827141,0.6154733878
1.5000000000,36.5000000000,0.2329411680,0.1630631212,0.6039957108
1.5000000000,38.5000000000,0.2147514861,0.1792262030,0.6060223109
1.5000000000,39.5000000000,0.2090689076,0.1834868772,0.6074442152
1.5000000000,41.5000000000,0.2059305012,0.1747466934,0.6193228054
1.5000000000,42.5000000000,0.2287035300,0.1260208411,0.6452756289
1.5000000000,43.5000000000,0.1844383424,0.1954846193,0.6200770382
1.5000000000,44.5000000000,0.1794805212,0.1977494328,0.6227700461
1.5000000000,45.5000000000,0.1800335016,0.1923335678,0.6276329306
1.5000000000,46.5000000000,0.1718609013,0.2039361293,0.6242029695
1.5000000000,47.5000000000,0.1632649821,0.2128832055,0.6238518124
1.5000000000,48.5000000000,0.1582423104,0.2105789744,0.6311787153
1.5000000000,49.5000000000,0.1516202471,0.2151591547,0.6332205981
1.5000000000,50.5000000000,0.1444636750,0.2375050198,0.6180313052
1.5000000000,51.5000000000,0.1404190849,0.2658246513,0.5937562638
1.5000000000,52.5000000000,0.1370895689,0.2986019157,0.5643085154
2.5000000000,35.5000000000,0.2617888776,0.1344071925,0.6038039299
2.5000000000,36.5000000000,0.2402609626,0.1646651420,0.5950738954
2.5000000000,39.5000000000,0.2158966579,0.1921432257,0.5919601164
2.5000000000,41.5000000000,0.2083819880,0.1955709560,0.5960470560
2.5000000000,42.5000000000,0.2201636605,0.1654018419,0.6144344977
2.5000000000,43.5000000000,0.2029878647,0.1884512580,0.6085608772
2.5000000000,44.5000000000,0.2053016867,0.1741693271,0.6205289862
2.5000000000,45.5000000000,0.2082882607,0.1683340384,0.6233777009
2.5000000000,46.5000000000,0.1890878127,0.2011915737,0.6097206136
2.5000000000,47.5000000000,0.1804926402,0.2114685752,0.6080387846
2.5000000000,48.5000000000,0.1716621239,0.2141936289,0.6141442473
2.5000000000,49.5000000000,0.1650493295,0.2174050837,0.6175455868
2.5000000000,50.5000000000,0.1595099273,0.2348778783,0.6056121944
2.5000000000,51.5000000000,0.1528288242,0.2648096717,0.5823615041
3.5000000000,35.5000000000,0.2650249504,0.1449083575,0.5900666920
3.5000000000,36.5000000000,0.2493559250,0.1667000459,0.5839440291
3.5000000000,39.5000000000,0.2218722288,0.2076380196,0.5704897517
3.5000000000,40.5000000000,0.2184212987,0.2146097064,0.5669689949
3.5000000000,41.5000000000,0.2143126146,0.2202403794,0.5654470060
3.5000000000,42.5000000000,0.2108715954,0.2240392601,0.5650891446
3.5000000000,43.5000000000,0.2141782084,0.2140822109,0.5717395807
3.5000000000,44.5000000000,0.2402145391,0.1652598159,0.5945256449
3.5000000000,45.5000000000,0.2290707886,0.1818799391,0.5890492722
3.5000000000,46.5000000000,0.2105492968,0.2110054538,0.5784452494
3.5000000000,47.5000000000,0.2037536085,0.2136026809,0.5826437107
3.5000000000,48.5000000000,0.1933914035,0.2187387939,0.5878698026
3.5000000000,49.5000000000,0.1841567371,0.2246358316,0.5912074313
3.5000000000,50.5000000000,0.1755423604,0.2406322055,0.5838254341
3.5000000000,51.5000000000,0.1669531687,0.2644328658,0.5686139655
4.5000000000,35.5000000000,0.2604760318,0.1635143958,0.5760095724
4.5000000000,36.5000000000,0.2572111806,0.1690595889,0.5737292305
4.5000000000,39.5000000000,0.2286498021,0.2239238991,0.5474262988
4.5000000000,40.5000000000,0.2285977316,0.2303548139,0.5410474545
4.5000000000,43.5000000000,0.2287758596,0.2425229884,0.5287011520
4.5000000000,44.5000000000,0.2438291944,0.2181378632,0.5380329424
4.5000000000,45.5000000000,0.2481793527,0.2105582792,0.5412623681
4.5000000000,46.5000000000,0.2367249078,0.2226709447,0.5406041475
4.5000000000,47.5000000000,0.2340089967,0.2155375820,0.5504534213
4.5000000000,48.5000000000,0.2170347841,0.2284400930,0.5545251229
4.5000000000,49.5000000000,0.2079786763,0.2294988753,0.5625224484
4.5000000000,50.5000000000,0.1964897345,0.2414041846,0.5621060809
4.5000000000,51.5000000000,0.1818738538,0.2660291728,0.5520969735
4.5000000000,52.5000000000,0.1732646649,0.2834675650,0.5432677701
4.5000000000,53.5000000000,0.1658202461,0.2963885640,0.5377911899
4.5000000000,60.5000000000,0.1488309573,0.3504477702,0.5007212726
4.5000000000,61.5000000000,0.1526364672,0.3544159702,0.4929475626
5.5000000000,35.5000000000,0.2687609984,0.1636962144,0.5675427872
5.5000000000,36.5000000000,0.2593734452,0.1811366701,0.5594898847
5.5000000000,43.5000000000,0.2626321890,0.2413854618,0.4959823492
5.5000000000,44.5000000000,0.2944312730,0.1987128016,0.5068559254
5.5000000000,45.5000000000,0.2762537804,0.2239428772,0.4998033424
5.5000000000,46.5000000000,0.2690779944,0.2284030847,0.5025189210
5.5000000000,47.5000000000,0.2573786776,0.2343548137,0.5082665086
5.5000000000,48.5000000000,0.2473551945,0.2262490383,0.5263957672
5.5000000000,49.5000000000,0.2340743630,0.2272986383,0.5386269987
5.5000000000,50.5000000000,0.2186729751,0.2386598727,0.5426671522
5.5000000000,51.5000000000,0.1977563514,0.2664751588,0.5357684898
5.5000000000,52.5000000000,0.1864694773,0.2811173204,0.5324132022
5.5000000000,53.5000000000,0.1770786891,0.2929343762,0.5299869347
5.5000000000,58.5000000000,0.1532938342,0.3381859095,0.5085202563
5.5000000000,59.5000000000,0.1549031154,0.3407216135,0.5043752711
5.5000000000,60.5000000000,0.1631526436,0.3303557574,0.5064915989
5.5000000000,61.5000000000,0.1722970111,0.3266069870,0.5010960019
5.5000000000,62.5000000000,0.1669317128,0.3558709925,0.4771972947
6.5000000000,35.5000000000,0.2823536772,0.1561208005,0.5615255223
6.5000000000,36.5000000000,0.2583167626,0.1961552356,0.5455280018
6.5000000000,37.5000000000,0.2341072993,0.2418417308,0.5240509699
6.5000000000,43.5000000000,0.2927411409,0.2399230119,0.4673358471
6.5000000000,44.5000000000,0.3659257527,0.1489488183,0.4851254290
6.5000000000,45.5000000000,0.3606293631,0.1525417433,0.4868288936
6.5000000000,46.5000000000,0.3169117784,0.2030851176,0.4800031040
6.5000000000,47.5000000000,0.2941557737,0.2222450471,0.4835991792
6.5000000000,48.5000000000,0.2698936323,0.2291739164,0.5009324514
6.5000000000,49.5000000000,0.2532137800,0.2319321279,0.5148540921
6.5000000000,50.5000000000,0.2414630465,0.2304993378,0.5280376157
6.5000000000,51.5000000000,0.2137476681,0.2652095640,0.5210427678
6.5000000000,52.5000000000,0.2005154559,0.2788713019,0.5206132422
6.5000000000,53.5000000000,0.1883927430,0.2903722838,0.5212349732
6.5000000000,58.5000000000,0.1727957183,0.3141311198,0.5130731618
6.5000000000,59.5000000000,0.1895505953,0.2896711094,0.5207782953
6.5000000000,60.5000000000,0.1976277823,0.2881178328,0.5142543849
6.5000000000,61.5000000000,0.2005245934,0.2977984404,0.5016769662
6.5000000000,62.5000000000,0.1859494578,0.3424865203,0.4715640218
7.5000000000,35.5000000000,0.2763200486,0.1725194731,0.5511604783
7.5000000000,36.5000000000,0.2526581246,0.2143086767,0.5330331987
7.5000000000,37.5000000000,0.2327708239,0.2564971547,0.5107320214
7.5000000000,43.5000000000,0.2911483749,0.2751566735,0.4336949516
7.5000000000,44.5000000000,0.3415458260,0.2039739868,0.4544801872
7.5000000000,45.5000000000,0.3715610306,0.1615922380,0.4668467314
7.5000000000,46.5000000000,0.3640272090,0.1592777817,0.4766950094
7.5000000000,47.5000000000,0.3076545306,0.2194402208,0.4729052486
7.5000000000,48.5000000000,0.2845270639,0.2308454490,0.4846274872
7.5000000000,49.5000000000,0.2724263190,0.2270446224,0.5005290587
7.5000000000,50.5000000000,0.2545103909,0.2353775714,0.5101120377
7.5000000000,51.5000000000,0.2352790354,0.2525466436,0.5121743210
7.5000000000,52.5000000000,0.2152172077,0.2752530473,0.5095297450
7.5000000000,53.5000000000,0.2001725769,0.2884029532,0.5114244699
7.5000000000,58.5000000000,0.1867548819,0.3110402202,0.5022048979
7.5000000000,59.5000000000,0.2177258562,0.2731900573,0.5090840865
7.5000000000,60.5000000000,0.2340196335,0.2577627831,0.5082175834
7.5000000000,61.5000000000,0.2307931773,0.2762727289,0.4929340938
7.5000000000,62.5000000000,0.2179414626,0.3100521113,0.4720064262
7.5000000000,63.5000000000,0.1906084548,0.3688097590,0.4405817862
8.5000000000,35.5000000000,0.2669247639,0.1923540999,0.5407211363
8.5000000000,36.5000000000,0.2455982338,0.2314111160,0.5229906502
8.5000000000,37.5000000000,0.2281628101,0.2709314539,0.5009057360
8.5000000000,38.5000000000,0.2305619008,0.2795398165,0.4898982826
8.5000000000,39.5000000000,0.2396326352,0.2805559198,0.4798114450
8.5000000000,40.5000000000,0.2524050748,0.2818572741,0.4657376511
8.5000000000,41.5000000000,0.2573978642,0.3001477314,0.4424544044
8.5000000000,42.5000000000,0.2793357350,0.2912734772,0.4293907878
8.5000000000,43.5000000000,0.2857204683,0.3018082981,0.4124712337
8.5000000000,44.5000000000,0.3079185217,0.2708174747,0.4212640036
8.5000000000,45.5000000000,0.3124045133,0.2532816053,0.4343138814
8.5000000000,46.5000000000,0.3776638851,0.1487429409,0.4735931740
8.5000000000,47.5000000000,0.3191829303,0.2096005667,0.4712165030
8.5000000000,48.5000000000,0.3068442546,0.2095751436,0.4835806019
8.5000000000,49.5000000000,0.2757127818,0.2358703751,0.4884168432
8.5000000000,50.5000000000,0.2678026011,0.2322323327,0.4999650662
8.5000000000,51.5000000000,0.2545740072,0.2399055556,0.5055204372
8.5000000000,52.5000000000,0.2293921853,0.2721506170,0.4984571978
8.5000000000,53.5000000000,0.2116604942,0.2893295802,0.4990099256
8.5000000000,54.5000000000,0.1979206326,0.2958094495,0.5062699179
8.5000000000,55.5000000000,0.1865001287,0.2996789640,0.5138209072
8.5000000000,56.5000000000,0.1785081559,0.3086625921,0.5128292520
8.5000000000,57.5000000000,0.1760444925,0.3325480557,0.4914074518
8.5000000000,58.5000000000,0.1870889587,0.3373607999,0.4755502413
8.5000000000,59.5000000000,0.2168301385,0.3042372974,0.4789325641
8.5000000000,60.5000000000,0.2412796066,0.2789754407,0.4797449527
8.5000000000,61.5000000000,0.2603831925,0.2606473321,0.4789694754
8.5000000000,62.5000000000,0.2471779631,0.2899872235,0.4628348134
8.5000000000,63.5000000000,0.2062619578,0.3643557716,0.4293822707
9.5000000000,35.5000000000,0.2454634421,0.2327139159,0.5218226420
9.5000000000,36.5000000000,0.2374281699,0.2503407305,0.5122310996
9.5000000000,37.5000000000,0.2243500287,0.2823528013,0.4932971700
9.5000000000,39.5000000000,0.2372151190,0.2866719609,0.4761129201
9.5000000000,40.5000000000,0.2506741438,0.2860927607,0.4632330954
9.5000000000,41.5000000000,0.2534657578,0.3101456365,0.4363886057
9.5000000000,42.5000000000,0.2784748480,0.2989572139,0.4225679381
9.5000000000,44.5000000000,0.3239606789,0.2610972630,0.4149420581
9.5000000000,45.5000000000,0.3137432650,0.2589896303,0.4272671047
9.5000000000,46.5000000000,0.3846932735,0.1415598499,0.4737468766
9.5000000000,47.5000000000,0.3250839896,0.1926911106,0.4822248998
9.5000000000,48.5000000000,0.3059752343,0.2054518668,0.4885728989
9.5000000000,49.5000000000,0.2868968109,0.2202939307,0.4928092584
9.5000000000,50.5000000000,0.2800108819,0.2227556120,0.4972335062
9.5000000000,51.5000000000,0.2658760028,0.2399120129,0.4942119842
9.5000000000,52.5000000000,0.2432756197,0.2700248866,0.4866994938
9.5000000000,53.5000000000,0.2251445752,0.2874121878,0.4874432370
9.5000000000,54.5000000000,0.2088130297,0.2966633993,0.4945235711
9.5000000000,55.5000000000,0.1974693774,0.3011413928,0.5013892298
9.5000000000,56.5000000000,0.1891195721,0.3115614534,0.4993189746
9.5000000000,57.5000000000,0.1852126231,0.3383999292,0.4763874477
9.5000000000,58.5000000000,0.1887055478,0.3609020609,0.4503923914
9.5000000000,59.5000000000,0.2100828878,0.3453351192,0.4445819931
9.5000000000,60.5000000000,0.2349559044,0.3203929874,0.4446511082
9.5000000000,61.5000000000,0.2584530934,0.2961980488,0.4453488578
9.5000000000,62.5000000000,0.2652462990,0.2861103769,0.4486433241
9.5000000000,63.5000000000,0.2190627656,0.3631887428,0.4177484916
10.5000000000,35.5000000000,0.2218898702,0.2741875289,0.5039226009
10.5000000000,36.5000000000,0.2198694996,0.2803631607,0.4997673397
10.5000000000,37.5000000000,0.2160159713,0.2953794654,0.4886045632
10.5000000000,42.5000000000,0.2501877225,0.3400227485,0.4097895290
10.5000000000,43.5000000000,0.2822518593,0.3165518863,0.4011962544
10.5000000000,44.5000000000,0.3221894349,0.2682116166,0.4095989485
10.5000000000,45.5000000000,0.3154060791,0.2528650032,0.4317289178
10.5000000000,46.5000000000,0.3925963983,0.1263282364,0.4810753653
10.5000000000,47.5000000000,0.3422869856,0.1619652585,0.4957477559
10.5000000000,48.5000000000,0.3005134588,0.2046179114,0.4948686298
10.5000000000,49.5000000000,0.2910606984,0.2124159557,0.4965233459
10.5000000000,50.5000000000,0.2902550740,0.2140756182,0.4956693079
10.5000000000,51.5000000000,0.2800148695,0.2332358860,0.4867492445
10.5000000000,52.5000000000,0.2594739768,0.2687882472,0.4717377761
10.5000000000,53.5000000000,0.2398305087,0.2881428912,0.4720266000
10.5000000000,54.5000000000,0.2198744062,0.3023985619,0.4777270319
10.5000000000,55.5000000000,0.2069052241,0.3137305350,0.4793642409
10.5000000000,56.5000000000,0.1981892068,0.3283214587,0.4734893344
10.5000000000,57.5000000000,0.1956746602,0.3499683034,0.4543570363
10.5000000000,59.5000000000,0.2084692606,0.3763013973,0.4152293422
10.5000000000,60.5000000000,0.2286023175,0.3547641602,0.4166335223
10.5000000000,61.5000000000,0.2570753841,0.3158247005,0.4270999154
10.5000000000,62.5000000000,0.2585827680,0.3101656689,0.4312515632
10.5000000000,63.5000000000,0.2240490150,0.3613257602,0.4146252247
10.5000000000,64.5000000000,0.2097131571,0.3737207148,0.4165661281
11.5000000000,35.5000000000,0.2136511514,0.2846769768,0.5016718718
11.5000000000,36.5000000000,0.2104304948,0.2920513494,0.4975181558
11.5000000000,42.5000000000,0.2362557705,0.3390650182,0.4246792113
11.5000000000,43.5000000000,0.2729165088,0.3000139650,0.4270695262
11.5000000000,44.5000000000,0.2806952594,0.2981550843,0.4211496563
11.5000000000,45.5000000000,0.2922485688,0.2644026836,0.4433487476
11.5000000000,46.5000000000,0.3512881132,0.1590615623,0.4896503246
11.5000000000,47.5000000000,0.3316046292,0.1630300814,0.5053652893
11.5000000000,48.5000000000,0.2928903062,0.2055844450,0.5015252488
11.5000000000,49.5000000000,0.2931130759,0.2036151767,0.5032717474
11.5000000000,50.5000000000,0.2987262378,0.2086836764,0.4925900858
11.5000000000,51.5000000000,0.2868620868,0.2436798163,0.4694580969
11.5000000000,52.5000000000,0.2755724851,0.2723223466,0.4521051683
11.5000000000,53.5000000000,0.2572003247,0.2916498024,0.4511498729
11.5000000000,54.5000000000,0.2343975147,0.3097886029,0.4558138824
11.5000000000,55.5000000000,0.2183981474,0.3248743917,0.4567274610
11.5000000000,57.5000000000,0.2048451623,0.3648445755,0.4303102622
11.5000000000,58.5000000000,0.2095879939,0.3782370037,0.4121750025
11.5000000000,59.5000000000,0.2191835825,0.3785132461,0.4023031714
11.5000000000,60.5000000000,0.2296018166,0.3684264972,0.4019716863
11.5000000000,61.5000000000,0.2512671023,0.3335535270,0.4151793707
11.5000000000,62.5000000000,0.2604889278,0.3126108365,0.4269002356
11.5000000000,63.5000000000,0.2317143662,0.3492234629,0.4190621709
11.5000000000,64.5000000000,0.2107343434,0.3711324290,0.4181332276
11.5000000000,65.5000000000,0.1942811317,0.3823448842,0.4233739840
12.5000000000,37.5000000000,0.2035969755,0.3014459045,0.4949571199
12.5000000000,38.5000000000,0.1992023735,0.3173082127,0.4834894138
12.5000000000,41.5000000000,0.2018151739,0.3512780020,0.4469068240
12.5000000000,42.5000000000,0.2305708274,0.3127503528,0.4566788198
12.5000000000,43.5000000000,0.2530521108,0.2931271007,0.4538207884
12.5000000000,44.5000000000,0.2469848145,0.3123507426,0.4406644430
12.5000000000,45.5000000000,0.2566001498,0.2874571185,0.4559427317
12.5000000000,46.5000000000,0.3273189065,0.1646968363,0.5079842572
12.5000000000,47.5000000000,0.3203933912,0.1592038790,0.5204027297
12.5000000000,48.5000000000,0.2822606408,0.2051917027,0.5125476565
12.5000000000,49.5000000000,0.2924704576,0.1959538746,0.5115756678
12.5000000000,50.5000000000,0.3077982255,0.2029823927,0.4892193818
12.5000000000,51.5000000000,0.2968954987,0.2473123320,0.4557921693
12.5000000000,52.5000000000,0.2898111111,0.2753010894,0.4348877995
12.5000000000,53.5000000000,0.2741746518,0.2962994960,0.4295258522
12.5000000000,54.5000000000,0.2483814525,0.3169832375,0.4346353100
12.5000000000,55.5000000000,0.2305291250,0.3342909783,0.4351798967
12.5000000000,56.5000000000,0.2179712554,0.3526624956,0.4293662489
12.5000000000,57.5000000000,0.2208225487,0.3630640669,0.4161133844
12.5000000000,58.5000000000,0.2220065048,0.3799693773,0.3980241179
12.5000000000,59.5000000000,0.2291820226,0.3798084003,0.3910095771
12.5000000000,60.5000000000,0.2399197452,0.3636439744,0.3964362805
12.5000000000,61.5000000000,0.2555555997,0.3329500651,0.4114943352
12.5000000000,62.5000000000,0.2634905277,0.3092891663,0.4272203060
12.5000000000,63.5000000000,0.2443715310,0.3261999233,0.4294285456
12.5000000000,64.5000000000,0.2212447150,0.3487501156,0.4300051694
12.5000000000,65.5000000000,0.2021469178,0.3628299396,0.4350231426
12.5000000000,66.5000000000,0.1829589362,0.3813661904,0.4356748734
12.5000000000,67.5000000000,0.1735325762,0.3803635151,0.4461039087
13.5000000000,37.5000000000,0.2106136956,0.2754656055,0.5139206989
13.5000000000,38.5000000000,0.1939768904,0.3134094843,0.4926136253
13.5000000000,41.5000000000,0.2108220265,0.3026375809,0.4865403926
13.5000000000,42.5000000000,0.2392107807,0.2640906280,0.4966985913
13.5000000000,43.5000000000,0.2207044560,0.3135724428,0.4657231012
13.5000000000,44.5000000000,0.2294098525,0.3051487621,0.4654413854
13.5000000000,45.5000000000,0.2456125565,0.2733312424,0.4810562011
13.5000000000,46.5000000000,0.2958934847,0.1831936896,0.5209128257
13.5000000000,47.5000000000,0.3089270474,0.1579425485,0.5331304040
13.5000000000,48.5000000000,0.2823160224,0.1947935133,0.5228904643
13.5000000000,49.5000000000,0.2953537334,0.1909071222,0.5137391444
13.5000000000,50.5000000000,0.3142007935,0.2042148365,0.4815843700
13.5000000000,51.5000000000,0.3087480636,0.2472003348,0.4440516016
13.5000000000,52.5000000000,0.3021950148,0.2774821075,0.4203228777
13.5000000000,53.5000000000,0.2873321398,0.3020288784,0.4106389818
13.5000000000,54.5000000000,0.2622877184,0.3273510035,0.4103612782
13.5000000000,55.5000000000,0.2483073232,0.3372610324,0.4144316444
13.5000000000,56.5000000000,0.2410966201,0.3476700801,0.4112332999
13.5000000000,57.5000000000,0.2435200804,0.3550786235,0.4014012961
13.5000000000,58.5000000000,0.2386479179,0.3779382292,0.3834138529
13.5000000000,59.5000000000,0.2396468484,0.3824918677,0.3778612839
13.5000000000,60.5000000000,0.2492512249,0.3619486348,0.3888001403
13.5000000000,61.5000000000,0.2542248225,0.3419903050,0.4037848726
13.5000000000,62.5000000000,0.2534344312,0.3297501981,0.4168153706
13.5000000000,63.5000000000,0.2400247510,0.3352729224,0.4247023266
13.5000000000,64.5000000000,0.2285449864,0.3315538078,0.4399012059
13.5000000000,65.5000000000,0.2159919344,0.3306721323,0.4533359333
13.5000000000,66.5000000000,0.1920301754,0.3559482666,0.4520215580
13.5000000000,67.5000000000,0.1695248044,0.3840259726,0.4464492229
13.5000000000,68.5000000000,0.1623832437,0.3821556190,0.4554611373
14.5000000000,35.5000000000,0.2034542534,0.2772165064,0.5193292402
14.5000000000,36.5000000000,0.2016435783,0.2814379217,0.5169185000
14.5000000000,37.5000000000,0.2170948775,0.2508043471,0.5321007753
14.5000000000,38.5000000000,0.1911256885,0.3063235109,0.5025508006
14.5000000000,40.5000000000,0.1858313727,0.3240546643,0.4901139630
14.5000000000,41.5000000000,0.2083274519,0.2833313807,0.5083411674
14.5000000000,42.5000000000,0.1980476075,0.3161497245,0.4858026680
14.5000000000,44.5000000000,0.2204566878,0.2903613090,0.4891820032
14.5000000000,45.5000000000,0.2546785826,0.2300668045,0.5152546129
14.5000000000,46.5000000000,0.2729878145,0.1958648452,0.5311473402
14.5000000000,47.5000000000,0.2941086319,0.1623581381,0.5435332300
14.5000000000,48.5000000000,0.2784582522,0.1905538594,0.5309878884
14.5000000000,49.5000000000,0.2896662256,0.1967235921,0.5136101824
14.5000000000,50.5000000000,0.3069575551,0.2186250230,0.4744174219
14.5000000000,51.5000000000,0.3148617616,0.2465301382,0.4386081002
14.5000000000,52.5000000000,0.3090218908,0.2764933489,0.4144847603
14.5000000000,53.5000000000,0.2939111221,0.3020305871,0.4040582908
14.5000000000,54.5000000000,0.2743910313,0.3247179128,0.4008910560
14.5000000000,55.5000000000,0.2616128398,0.3392298713,0.3991572889
14.5000000000,56.5000000000,0.2586551007,0.3463851596,0.3949597397
14.5000000000,57.5000000000,0.2607736705,0.3502181450,0.3890081844
14.5000000000,58.5000000000,0.2547616084,0.3703986323,0.3748397592
14.5000000000,59.5000000000,0.2563441665,0.3706791148,0.3729767187
14.5000000000,60.5000000000,0.2547633325,0.3635606940,0.3816759736
14.5000000000,61.5000000000,0.2528194867,0.3510568846,0.3961236288
14.5000000000,62.5000000000,0.2424248537,0.3516300489,0.4059450974
14.5000000000,63.5000000000,0.2275208352,0.3563157193,0.4161634455
14.5000000000,64.5000000000,0.2282219481,0.3306354969,0.4411425551
14.5000000000,65.5000000000,0.2232638138,0.3143525481,0.4623836381
14.5000000000,66.5000000000,0.2063126027,0.3218838976,0.4718034997
14.5000000000,67.5000000000,0.1698526214,0.3790818142,0.4510655644
14.5000000000,68.5000000000,0.1599155902,0.3828388834,0.4572455264
15.5000000000,36.5000000000,0.1993484472,0.2733668120,0.5272847408
15.5000000000,37.5000000000,0.1989391311,0.2747566763,0.5263041926
15.5000000000,38.5000000000,0.1949693470,0.2842161108,0.5208145422
15.5000000000,39.5000000000,0.1858361262,0.3044860744,0.5096777994
15.5000000000,40.5000000000,0.2046411772,0.2635034611,0.5318553617
15.5000000000,41.5000000000,0.1932379212,0.2936625026,0.5130995762
15.5000000000,43.5000000000,0.2020084504,0.2947473973,0.5032441523
15.5000000000,44.5000000000,0.2369917012,0.2366741687,0.5263341301
15.5000000000,45.5000000000,0.2366078819,0.2404008868,0.5229912313
15.5000000000,46.5000000000,0.2502702380,0.2157194496,0.5340103123
15.5000000000,47.5000000000,0.2763095883,0.1778107042,0.5458797075
15.5000000000,48.5000000000,0.2701893779,0.1968290923,0.5329815298
15.5000000000,49.5000000000,0.2888284892,0.1949373887,0.5162341221
15.5000000000,50.5000000000,0.3054990214,0.2111838646,0.4833171139
15.5000000000,51.5000000000,0.3081842215,0.2453170216,0.4464987568
15.5000000000,52.5000000000,0.3066148406,0.2707932240,0.4225919355
15.5000000000,53.5000000000,0.2989350308,0.2897490726,0.4113158966
15.5000000000,54.5000000000,0.2808023473,0.3155607075,0.4036369452
15.5000000000,55.5000000000,0.2689691234,0.3328620370,0.3981688396
15.5000000000,56.5000000000,0.2674323340,0.3401136065,0.3924540595
15.5000000000,57.5000000000,0.2696536263,0.3455413951,0.3848049786
15.5000000000,58.5000000000,0.2631929210,0.3653961158,0.3714109633
15.5000000000,59.5000000000,0.2570679731,0.3734990207,0.3694330062
15.5000000000,60.5000000000,0.2543548258,0.3675275301,0.3781176441
15.5000000000,61.5000000000,0.2462015594,0.3639263158,0.3898721248
15.5000000000,62.5000000000,0.2362930529,0.3611623256,0.4025446215
15.5000000000,63.5000000000,0.2233586272,0.3619449940,0.4146963788
15.5000000000,64.5000000000,0.2174225862,0.3498238167,0.4327535971
15.5000000000,65.5000000000,0.2170297416,0.3263466950,0.4566235635
15.5000000000,66.5000000000,0.2112436482,0.3120253809,0.4767309709
15.5000000000,67.5000000000,0.1765402906,0.3630970046,0.4603627049
15.5000000000,68.5000000000,0.1601893901,0.3846234978,0.4551871121
15.5000000000,69.5000000000,0.1501585923,0.4018400133,0.4480013945
16.5000000000,37.5000000000,0.1961694159,0.2684706002,0.5353599839
16.5000000000,38.5000000000,0.1991617491,0.2638896630,0.5369485879
16.5000000000,39.5000000000,0.2103396434,0.2444265995,0.5452337572
16.5000000000,40.5000000000,0.1980239302,0.2671066173,0.5348694525
16.5000000000,41.5000000000,0.1890150235,0.2886675686,0.5223174079
16.5000000000,42.5000000000,0.1926442093,0.2869833846,0.5203724061
16.5000000000,43.5000000000,0.2138467681,0.2517153322,0.5344378998
16.5000000000,44.5000000000,0.2400819008,0.2113919822,0.5485261170
16.5000000000,45.5000000000,0.2257923923,0.2438893051,0.5303183026
16.5000000000,46.5000000000,0.2363328946,0.2291152671,0.5345518383
16.5000000000,47.5000000000,0.2492216659,0.2149051390,0.5358731951
16.5000000000,48.5000000000,0.2571563619,0.2144724083,0.5283712298
16.5000000000,49.5000000000,0.2836886957,0.2016933724,0.5146179318
16.5000000000,50.5000000000,0.3009764927,0.2100768995,0.4889466078
16.5000000000,51.5000000000,0.2971912165,0.2492727346,0.4535360489
16.5000000000,52.5000000000,0.2993765440,0.2690913068,0.4315321492
16.5000000000,53.5000000000,0.2976176265,0.2794375187,0.4229448548
16.5000000000,54.5000000000,0.2817471807,0.3035813758,0.4146714435
16.5000000000,56.5000000000,0.2648431090,0.3395307844,0.3956261067
16.5000000000,57.5000000000,0.2630932278,0.3533388650,0.3835679072
16.5000000000,58.5000000000,0.2630430558,0.3643121315,0.3726448127
16.5000000000,59.5000000000,0.2543087855,0.3738943204,0.3717968941
16.5000000000,60.5000000000,0.2479455088,0.3734371281,0.3786173631
16.5000000000,61.5000000000,0.2385116767,0.3727049599,0.3887833635
16.5000000000,62.5000000000,0.2313429828,0.3650994054,0.4035576118
16.5000000000,63.5000000000,0.2182833413,0.3682932749,0.4134233838
16.5000000000,64.5000000000,0.2116238111,0.3575918839,0.4307843049
16.5000000000,65.5000000000,0.2063036722,0.3458379949,0.4478583329
16.5000000000,66.5000000000,0.2055375009,0.3253094305,0.4691530686
16.5000000000,67.5000000000,0.1939725800,0.3284791153,0.4775483047
16.5000000000,68.5000000000,0.1605892604,0.3897323634,0.4496783763
16.5000000000,69.5000000000,0.1470540610,0.4168944849,0.4360514541
17.5000000000,38.5000000000,0.1948334456,0.2579343832,0.5472321712
17.5000000000,39.5000000000,0.1931542063,0.2644398969,0.5424058968
17.5000000000,40.5000000000,0.1929069786,0.2630426367,0.5440503848
17.5000000000,41.5000000000,0.1907630647,0.2709171903,0.5383197450
17.5000000000,42.5000000000,0.1961988582,0.2647935478,0.5390075940
17.5000000000,43.5000000000,0.2302744389,0.2066057005,0.5631198607
17.5000000000,44.5000000000,0.2346714576,0.2081102456,0.5572182969
17.5000000000,45.5000000000,0.2251466656,0.2344818814,0.5403714530
17.5000000000,46.5000000000,0.2331383922,0.2297557769,0.5371058310
17.5000000000,47.5000000000,0.2438021963,0.2242574229,0.5319403808
17.5000000000,48.5000000000,0.2584778764,0.2181691604,0.5233529632
17.5000000000,49.5000000000,0.2805985786,0.2093489563,0.5100524651
17.5000000000,50.5000000000,0.2900419772,0.2232013274,0.4867566954
17.5000000000,51.5000000000,0.2910804894,0.2503664574,0.4585530532
17.5000000000,52.5000000000,0.2929346740,0.2693152428,0.4377500832
17.5000000000,53.5000000000,0.2892768846,0.2785945343,0.4321285811
17.5000000000,54.5000000000,0.2771147648,0.2913807938,0.4315044414
17.5000000000,57.5000000000,0.2538988718,0.3522029317,0.3938981966
17.5000000000,58.5000000000,0.2526541550,0.3647367937,0.3826090513
17.5000000000,59.5000000000,0.2474726427,0.3720980264,0.3804293308
