Lon,Lat,C_KK10LonLatElev,B_KK10LonLatElev,U_KK10LonLatElev
-10.5000000000,51.5000000000,0.1254028391,0.5362463538,0.3383508071
-10.5000000000,52.5000000000,0.1221209254,0.5616396540,0.3162394206
-10.5000000000,53.5000000000,0.1099736595,0.5888260987,0.3012002417
-10.5000000000,54.5000000000,0.1239711132,0.5261311910,0.3498976957
-9.5000000000,38.5000000000,0.1266568641,0.3357054386,0.5376376974
-9.5000000000,39.5000000000,0.1191637245,0.3500180424,0.5308182331
-9.5000000000,42.5000000000,0.0968660657,0.4103041756,0.4928297586
-9.5000000000,43.5000000000,0.0911358581,0.4314797720,0.4773843699
-9.5000000000,51.5000000000,0.1256446437,0.5351369386,0.3392184177
-9.5000000000,52.5000000000,0.1284167602,0.5495560643,0.3220271756
-9.5000000000,53.5000000000,0.1204891909,0.5657652189,0.3137455902
-9.5000000000,54.5000000000,0.1196978743,0.5324265160,0.3478756097
-8.5000000000,37.5000000000,0.1536387561,0.2942186961,0.5521425477
-8.5000000000,38.5000000000,0.1441392058,0.3058019941,0.5500588002
-8.5000000000,39.5000000000,0.1368408527,0.3226901398,0.5404690075
-8.5000000000,40.5000000000,0.1290971049,0.3389458471,0.5319570480
-8.5000000000,41.5000000000,0.1250593452,0.3527018402,0.5222388145
-8.5000000000,42.5000000000,0.1226021119,0.3664985351,0.5108993530
-8.5000000000,43.5000000000,0.0996728388,0.4115860776,0.4887410836
-8.5000000000,51.5000000000,0.1076212707,0.5565998470,0.3357788824
-8.5000000000,52.5000000000,0.1165725601,0.5655280219,0.3178994180
-8.5000000000,53.5000000000,0.1110943942,0.5729093263,0.3159962794
-8.5000000000,54.5000000000,0.1133499483,0.5433002552,0.3433497965
-8.5000000000,55.5000000000,0.0965791557,0.5442174862,0.3592033581
-7.5000000000,37.5000000000,0.1702190089,0.2739369999,0.5558439912
-7.5000000000,38.5000000000,0.1681632321,0.2794861300,0.5523506378
-7.5000000000,39.5000000000,0.1638077824,0.2873814455,0.5488107721
-7.5000000000,40.5000000000,0.1802555014,0.2773062147,0.5424382838
-7.5000000000,41.5000000000,0.1659803781,0.3002745636,0.5337450583
-7.5000000000,42.5000000000,0.1620219577,0.3135688292,0.5244092131
-7.5000000000,43.5000000000,0.1150113341,0.3822566473,0.5027320186
-7.5000000000,51.5000000000,0.0780315203,0.6090035277,0.3129649520
-7.5000000000,52.5000000000,0.1033831652,0.5679096026,0.3287072323
-7.5000000000,53.5000000000,0.1009791769,0.5750417779,0.3239790452
-7.5000000000,54.5000000000,0.1048052527,0.5495384058,0.3456563415
-7.5000000000,55.5000000000,0.0923441664,0.5420970861,0.3655587475
-7.5000000000,57.5000000000,0.0858066699,0.4699143772,0.4442789529
-7.5000000000,58.5000000000,0.0934362146,0.4130464885,0.4935172969
-7.5000000000,62.5000000000,0.1167492845,0.3293582983,0.5538924171
-6.5000000000,35.5000000000,0.1984374024,0.2263703513,0.5751922463
-6.5000000000,36.5000000000,0.1863926164,0.2472214974,0.5663858862
-6.5000000000,37.5000000000,0.1983867725,0.2399207856,0.5616924419
-6.5000000000,38.5000000000,0.2086533818,0.2359103457,0.5554362724
-6.5000000000,39.5000000000,0.1835754038,0.2640590706,0.5523655255
-6.5000000000,40.5000000000,0.2031124070,0.2530793772,0.5438082159
-6.5000000000,41.5000000000,0.1870130802,0.2794571938,0.5335297260
-6.5000000000,42.5000000000,0.2179425346,0.2576629292,0.5243945362
-6.5000000000,43.5000000000,0.1216959561,0.3699160640,0.5083879799
-6.5000000000,52.5000000000,0.0878778073,0.5670116689,0.3451105238
-6.5000000000,53.5000000000,0.0847294303,0.5897589769,0.3255115928
-6.5000000000,54.5000000000,0.0882248505,0.5675896042,0.3441855453
-6.5000000000,55.5000000000,0.0783280281,0.5670976275,0.3545743445
-6.5000000000,56.5000000000,0.0732547060,0.5559105787,0.3708347153
-6.5000000000,57.5000000000,0.0852728998,0.4774499627,0.4372771375
-6.5000000000,58.5000000000,0.0892674056,0.4222878205,0.4884447739
-6.5000000000,61.5000000000,0.1095598963,0.3345480020,0.5558921017
-6.5000000000,62.5000000000,0.1164079258,0.3254225523,0.5581695219
-5.5000000000,35.5000000000,0.2626124081,0.1732340496,0.5641535423
-5.5000000000,36.5000000000,0.2448366668,0.1941749765,0.5609883567
-5.5000000000,37.5000000000,0.2221737375,0.2150892449,0.5627370176
-5.5000000000,38.5000000000,0.2406432133,0.2070366132,0.5523201735
-5.5000000000,39.5000000000,0.2143894738,0.2338796866,0.5517308396
-5.5000000000,40.5000000000,0.2623647732,0.2041196790,0.5335155478
-5.5000000000,41.5000000000,0.2041049265,0.2646408094,0.5312542642
-5.5000000000,42.5000000000,0.2045629062,0.2707927868,0.5246443070
-5.5000000000,43.5000000000,0.1221679326,0.3666111991,0.5112208683
-5.5000000000,50.5000000000,0.0712802810,0.4952528314,0.4334668876
-5.5000000000,51.5000000000,0.0752351555,0.5078307941,0.4169340505
-5.5000000000,54.5000000000,0.0728367519,0.5669349471,0.3602283011
-5.5000000000,55.5000000000,0.0698236471,0.5698684821,0.3603078709
-5.5000000000,56.5000000000,0.0806882093,0.5265004614,0.3928113294
-5.5000000000,57.5000000000,0.0973997078,0.4457763328,0.4568239593
-5.5000000000,58.5000000000,0.0859192181,0.4333027783,0.4807780036
-4.5000000000,35.5000000000,0.2750718565,0.1596793634,0.5652487802
-4.5000000000,36.5000000000,0.2637735789,0.1751078382,0.5611185829
-4.5000000000,37.5000000000,0.2846573937,0.1647570748,0.5505855315
-4.5000000000,38.5000000000,0.2815181918,0.1738007532,0.5446810549
-4.5000000000,39.5000000000,0.2640950450,0.1949049518,0.5410000032
-4.5000000000,40.5000000000,0.2774582086,0.1933415782,0.5292002132
-4.5000000000,41.5000000000,0.2293147038,0.2423714241,0.5283138721
-4.5000000000,42.5000000000,0.2161448620,0.2632623356,0.5205928024
-4.5000000000,43.5000000000,0.1218613240,0.3639867147,0.5141519613
-4.5000000000,47.5000000000,0.0582061237,0.4489037391,0.4928901372
-4.5000000000,48.5000000000,0.0571993476,0.4690578464,0.4737428060
-4.5000000000,50.5000000000,0.0642596981,0.4735085699,0.4622317320
-4.5000000000,51.5000000000,0.0662334878,0.4817960603,0.4519704520
-4.5000000000,52.5000000000,0.0685697505,0.5023657985,0.4290644510
-4.5000000000,53.5000000000,0.0671620101,0.5254905302,0.4073474597
-4.5000000000,54.5000000000,0.0609205908,0.5675688405,0.3715105687
-4.5000000000,55.5000000000,0.0702741958,0.5445869469,0.3851388574
-4.5000000000,56.5000000000,0.0949768424,0.4821647877,0.4228583699
-4.5000000000,57.5000000000,0.1015166915,0.4229685900,0.4755147184
-4.5000000000,58.5000000000,0.0952827445,0.3895297214,0.5151875340
-3.5000000000,35.5000000000,0.3051065355,0.1358310061,0.5590624585
-3.5000000000,36.5000000000,0.3081272607,0.1425060723,0.5493666671
-3.5000000000,37.5000000000,0.4030625409,0.1002712433,0.4966662159
-3.5000000000,38.5000000000,0.3212194506,0.1439143004,0.5348662489
-3.5000000000,39.5000000000,0.2934388382,0.1703496338,0.5362115280
-3.5000000000,40.5000000000,0.2796242054,0.1929262671,0.5274495275
-3.5000000000,41.5000000000,0.2842279292,0.2042947272,0.5114773436
-3.5000000000,42.5000000000,0.2227758611,0.2667758039,0.5104483350
-3.5000000000,43.5000000000,0.1116304615,0.3824939727,0.5058755658
-3.5000000000,47.5000000000,0.0570637468,0.4243755264,0.5185607268
-3.5000000000,48.5000000000,0.0563910722,0.4526118359,0.4909970919
-3.5000000000,50.5000000000,0.0576449111,0.4759342276,0.4664208613
-3.5000000000,51.5000000000,0.0639462499,0.4716775530,0.4643761971
-3.5000000000,52.5000000000,0.0732602210,0.4668652520,0.4598745270
-3.5000000000,53.5000000000,0.0614107252,0.5110195194,0.4275697553
-3.5000000000,54.5000000000,0.0616608465,0.5327959684,0.4055431850
-3.5000000000,55.5000000000,0.0692070019,0.5345392993,0.3962536987
-3.5000000000,56.5000000000,0.0784775483,0.5130021206,0.4085203311
-3.5000000000,57.5000000000,0.0925679097,0.4358055931,0.4716264972
-3.5000000000,58.5000000000,0.0904109276,0.3852010693,0.5243880031
-3.5000000000,59.5000000000,0.0933925313,0.3614382329,0.5451692357
-2.5000000000,35.5000000000,0.3321829407,0.1139190309,0.5538980284
-2.5000000000,36.5000000000,0.3336372646,0.1184339742,0.5479287611
-2.5000000000,37.5000000000,0.4513246104,0.0750723543,0.4736030353
-2.5000000000,38.5000000000,0.4109639546,0.0956713975,0.4933646478
-2.5000000000,39.5000000000,0.3374660831,0.1391409191,0.5233929978
-2.5000000000,40.5000000000,0.3303846289,0.1617918184,0.5078235526
-2.5000000000,41.5000000000,0.3004827352,0.1983412265,0.5011760383
-2.5000000000,42.5000000000,0.2096157283,0.2829809483,0.5074033234
-2.5000000000,43.5000000000,0.1035034327,0.4000477312,0.4964488360
-2.5000000000,46.5000000000,0.0600984885,0.4441548024,0.4957467091
-2.5000000000,47.5000000000,0.0568730172,0.4438885757,0.4992384071
-2.5000000000,48.5000000000,0.0533520611,0.4764826593,0.4701652796
-2.5000000000,49.5000000000,0.0501620358,0.4979005879,0.4519373764
-2.5000000000,50.5000000000,0.0515534503,0.5034253790,0.4450211708
-2.5000000000,51.5000000000,0.0549294000,0.5008947699,0.4441758301
-2.5000000000,52.5000000000,0.0569020064,0.5109727805,0.4321252131
-2.5000000000,53.5000000000,0.0573165476,0.5253497592,0.4173336932
-2.5000000000,54.5000000000,0.0686388025,0.5152630999,0.4160980976
-2.5000000000,55.5000000000,0.0641537013,0.5510923406,0.3847539581
-2.5000000000,56.5000000000,0.0600681686,0.5711108097,0.3688210217
-2.5000000000,57.5000000000,0.0765877847,0.4960337389,0.4273784764
-2.5000000000,58.5000000000,0.0808944575,0.4268985430,0.4922069995
-1.5000000000,35.5000000000,0.3653299853,0.0918043820,0.5428656326
-1.5000000000,36.5000000000,0.3431730194,0.1000787506,0.5567482300
-1.5000000000,37.5000000000,0.3511676546,0.0962145664,0.5526177789
-1.5000000000,38.5000000000,0.3785750201,0.0976792277,0.5237457522
-1.5000000000,39.5000000000,0.3685448436,0.1182358571,0.5132192993
-1.5000000000,40.5000000000,0.3987302270,0.1217949666,0.4794748064
-1.5000000000,41.5000000000,0.2610717557,0.2219887096,0.5169395347
-1.5000000000,42.5000000000,0.1834196843,0.3081839363,0.5083963794
-1.5000000000,43.5000000000,0.1116548086,0.3952950742,0.4930501172
-1.5000000000,44.5000000000,0.0825361024,0.4420041291,0.4754597685
-1.5000000000,45.5000000000,0.0704746758,0.4643422015,0.4651831227
-1.5000000000,46.5000000000,0.0644879761,0.4741603633,0.4613516606
-1.5000000000,47.5000000000,0.0591100334,0.4909883581,0.4499016085
-1.5000000000,48.5000000000,0.0541685034,0.5146597032,0.4311717934
-1.5000000000,49.5000000000,0.0494298645,0.5338111324,0.4167590030
-1.5000000000,50.5000000000,0.0498369911,0.5313951430,0.4187678660
-1.5000000000,51.5000000000,0.0548561149,0.5143651603,0.4307787248
-1.5000000000,52.5000000000,0.0537530420,0.5379714908,0.4082754672
-1.5000000000,53.5000000000,0.0563726317,0.5495967966,0.3940305718
-1.5000000000,54.5000000000,0.0572009228,0.5630761481,0.3797229291
-1.5000000000,55.5000000000,0.0575727489,0.5751327658,0.3672944854
-1.5000000000,57.5000000000,0.0600697707,0.5735174379,0.3664127915
-1.5000000000,59.5000000000,0.0913144891,0.4083897144,0.5002957965
-1.5000000000,60.5000000000,0.1007275184,0.3736939806,0.5255785011
-0.5000000000,35.5000000000,0.4168748691,0.0726530808,0.5104720502
-0.5000000000,37.5000000000,0.3392679934,0.1035272057,0.5572048009
-0.5000000000,38.5000000000,0.3577223313,0.1069038679,0.5353738008
-0.5000000000,39.5000000000,0.3158767085,0.1439152129,0.5402080787
-0.5000000000,40.5000000000,0.3909494065,0.1263919743,0.4826586193
-0.5000000000,41.5000000000,0.2422365360,0.2370630709,0.5207003931
-0.5000000000,42.5000000000,0.2733053558,0.2339713550,0.4927232893
-0.5000000000,43.5000000000,0.1232425814,0.4057253965,0.4710320221
-0.5000000000,44.5000000000,0.0914727691,0.4628016348,0.4457255961
-0.5000000000,45.5000000000,0.0755732367,0.4978138365,0.4266129268
-0.5000000000,46.5000000000,0.0708452314,0.5038272819,0.4253274868
-0.5000000000,47.5000000000,0.0611638631,0.5292107907,0.4096253462
-0.5000000000,48.5000000000,0.0602594904,0.5389587319,0.4007817777
-0.5000000000,49.5000000000,0.0502246609,0.5601141143,0.3896612248
-0.5000000000,50.5000000000,0.0498255035,0.5529684503,0.3972060461
-0.5000000000,51.5000000000,0.0536696992,0.5310418398,0.4152884610
-0.5000000000,52.5000000000,0.0502244904,0.5758500934,0.3739254163
-0.5000000000,53.5000000000,0.0480865032,0.6089121395,0.3430013573
-0.5000000000,54.5000000000,0.0516463305,0.6081313749,0.3402222947
-0.5000000000,60.5000000000,0.1012887391,0.4101273610,0.4885838999
0.5000000000,35.5000000000,0.4711116232,0.0616295698,0.4672588070
0.5000000000,36.5000000000,0.3970194526,0.0846045789,0.5183759685
0.5000000000,38.5000000000,0.3370285569,0.1249539295,0.5380175136
0.5000000000,40.5000000000,0.2901731895,0.1952438578,0.5145829527
0.5000000000,41.5000000000,0.2599641408,0.2441094095,0.4959264497
0.5000000000,42.5000000000,0.3563560928,0.1980289807,0.4456149265
0.5000000000,43.5000000000,0.1457822839,0.4167535100,0.4374642060
0.5000000000,44.5000000000,0.1060399357,0.4861170414,0.4078430229
0.5000000000,45.5000000000,0.0951648909,0.5042278196,0.4006072894
0.5000000000,46.5000000000,0.0802368372,0.5224427398,0.3973204230
0.5000000000,47.5000000000,0.0684413869,0.5346677276,0.3968908855
0.5000000000,48.5000000000,0.0656805091,0.5316043705,0.4027151203
0.5000000000,49.5000000000,0.0555613710,0.5553293805,0.3891092485
0.5000000000,50.5000000000,0.0505676778,0.5711659113,0.3782664109
0.5000000000,51.5000000000,0.0516802806,0.5729616479,0.3753580715
0.5000000000,52.5000000000,0.0480045674,0.6201696597,0.3318257730
0.5000000000,53.5000000000,0.0467462333,0.6436581106,0.3095956561
1.5000000000,35.5000000000,0.5674538386,0.0446093887,0.3879367727
1.5000000000,36.5000000000,0.4444921443,0.0790802512,0.4764276045
1.5000000000,38.5000000000,0.3683186146,0.1282515792,0.5034298061
1.5000000000,39.5000000000,0.3404460469,0.1611233141,0.4984306390
1.5000000000,41.5000000000,0.3146843857,0.2288284137,0.4564872006
1.5000000000,42.5000000000,0.4390268826,0.1737863704,0.3871867470
1.5000000000,43.5000000000,0.1811555886,0.4187576163,0.4000867951
1.5000000000,44.5000000000,0.1447486625,0.4780670173,0.3771843201
1.5000000000,45.5000000000,0.1395817151,0.4760088864,0.3844093985
1.5000000000,46.5000000000,0.1045621539,0.5101851826,0.3852526634
1.5000000000,47.5000000000,0.0804719360,0.5283025482,0.3912255158
1.5000000000,48.5000000000,0.0716996531,0.5230022314,0.4052981155
1.5000000000,49.5000000000,0.0634540453,0.5449777150,0.3915682397
1.5000000000,50.5000000000,0.0537272676,0.5883528975,0.3579198349
1.5000000000,51.5000000000,0.0506334244,0.6173835272,0.3319830483
1.5000000000,52.5000000000,0.0489009738,0.6502931156,0.3008059106
2.5000000000,35.5000000000,0.5857400743,0.0474207986,0.3668391271
2.5000000000,36.5000000000,0.4941296634,0.0758820770,0.4299882597
2.5000000000,39.5000000000,0.3882085594,0.1611337967,0.4506576439
2.5000000000,41.5000000000,0.3406723915,0.2431831879,0.4161444206
2.5000000000,42.5000000000,0.3854794421,0.2409517469,0.3735688109
2.5000000000,43.5000000000,0.2641215909,0.3714823547,0.3643960544
2.5000000000,44.5000000000,0.2474424335,0.4005002342,0.3520573323
2.5000000000,45.5000000000,0.2406058351,0.3981513177,0.3612428472
2.5000000000,46.5000000000,0.1358387067,0.5023541549,0.3618071384
2.5000000000,47.5000000000,0.0976377516,0.5271795899,0.3751826586
2.5000000000,48.5000000000,0.0794548874,0.5271206764,0.3934244362
2.5000000000,49.5000000000,0.0687588602,0.5560264900,0.3752146497
2.5000000000,50.5000000000,0.0585760821,0.6142616639,0.3271622541
2.5000000000,51.5000000000,0.0439516275,0.6923961085,0.2636522639
3.5000000000,35.5000000000,0.6058223979,0.0514837712,0.3426938309
3.5000000000,36.5000000000,0.5459498396,0.0725294686,0.3815206918
3.5000000000,39.5000000000,0.4286220253,0.1629596359,0.4084183387
3.5000000000,40.5000000000,0.3985601301,0.2052872415,0.3961526283
3.5000000000,41.5000000000,0.3684164978,0.2526632505,0.3789202518
3.5000000000,42.5000000000,0.3219929361,0.3230492918,0.3549577721
3.5000000000,43.5000000000,0.2975423977,0.3728274918,0.3296301105
3.5000000000,44.5000000000,0.3910674061,0.3002322287,0.3087003652
3.5000000000,45.5000000000,0.2949042315,0.3817597246,0.3233360439
3.5000000000,46.5000000000,0.1716607043,0.4974929261,0.3308463696
3.5000000000,47.5000000000,0.1211074946,0.5398896089,0.3390028965
3.5000000000,48.5000000000,0.0952539261,0.5460848251,0.3586612488
3.5000000000,49.5000000000,0.0782123647,0.5886303789,0.3331572564
3.5000000000,50.5000000000,0.0565584061,0.6770744107,0.2663671831
3.5000000000,51.5000000000,0.0482604735,0.7213166557,0.2304228709
4.5000000000,35.5000000000,0.6022070867,0.0629040998,0.3348888134
4.5000000000,36.5000000000,0.5955308389,0.0688199882,0.3356491729
4.5000000000,39.5000000000,0.4644767786,0.1655285320,0.3699946894
4.5000000000,40.5000000000,0.4459268845,0.1994502219,0.3546228936
4.5000000000,43.5000000000,0.3579112666,0.3429095157,0.2991792176
4.5000000000,44.5000000000,0.3882540066,0.3306280722,0.2811179212
4.5000000000,45.5000000000,0.3510650874,0.3630467764,0.2858881363
4.5000000000,46.5000000000,0.2323980520,0.4689945298,0.2986074182
4.5000000000,47.5000000000,0.1674436496,0.5280536280,0.3045027224
4.5000000000,48.5000000000,0.1125542445,0.5864676706,0.3009780849
4.5000000000,49.5000000000,0.0896392782,0.6342303975,0.2761303243
4.5000000000,50.5000000000,0.0538164701,0.7463143981,0.1998691319
4.5000000000,51.5000000000,0.0497178109,0.7627815357,0.1875006534
4.5000000000,52.5000000000,0.0472150507,0.7771310100,0.1756539393
4.5000000000,53.5000000000,0.0506189980,0.7609166306,0.1884643715
4.5000000000,60.5000000000,0.1021182319,0.5652846385,0.3325971296
4.5000000000,61.5000000000,0.1228028659,0.5159202764,0.3612768577
5.5000000000,35.5000000000,0.6477904663,0.0580773142,0.2941322195
5.5000000000,36.5000000000,0.6126787200,0.0731875838,0.3141336962
5.5000000000,43.5000000000,0.4903192424,0.2543817663,0.2552989914
5.5000000000,44.5000000000,0.5974483700,0.1888034030,0.2137482270
5.5000000000,45.5000000000,0.4569286432,0.2995092301,0.2435621266
5.5000000000,46.5000000000,0.3311277315,0.4038844731,0.2649877954
5.5000000000,47.5000000000,0.2081300193,0.5229478551,0.2689221256
5.5000000000,48.5000000000,0.1525220675,0.5850598597,0.2624180728
5.5000000000,49.5000000000,0.1057786782,0.6670607571,0.2271605647
5.5000000000,50.5000000000,0.0646735880,0.7639088590,0.1714175530
5.5000000000,51.5000000000,0.0535514826,0.7903899323,0.1560585851
5.5000000000,52.5000000000,0.0493070051,0.8039203548,0.1467726401
5.5000000000,53.5000000000,0.0477460337,0.7960727177,0.1561812486
5.5000000000,58.5000000000,0.0916862210,0.6041605321,0.3041532470
5.5000000000,59.5000000000,0.1097310374,0.5593194129,0.3309495497
5.5000000000,60.5000000000,0.1438639362,0.5023209383,0.3538151255
5.5000000000,61.5000000000,0.1703599365,0.4595520601,0.3700880035
5.5000000000,62.5000000000,0.1465613071,0.4920784933,0.3613601996
6.5000000000,35.5000000000,0.7008992901,0.0486586485,0.2504420614
6.5000000000,36.5000000000,0.6113825313,0.0821552035,0.3064622652
6.5000000000,37.5000000000,0.5104160209,0.1346632055,0.3549207736
6.5000000000,43.5000000000,0.5753308694,0.2034827768,0.2211863537
6.5000000000,44.5000000000,0.7948282243,0.0743530543,0.1308187214
6.5000000000,45.5000000000,0.7457693085,0.1039574902,0.1502732013
6.5000000000,46.5000000000,0.4868708838,0.2884424250,0.2246866912
6.5000000000,47.5000000000,0.3070963730,0.4455419722,0.2473616548
6.5000000000,48.5000000000,0.1885572561,0.5723700759,0.2390726680
6.5000000000,49.5000000000,0.1196322675,0.6799986054,0.2003691271
6.5000000000,50.5000000000,0.0952236725,0.7322122351,0.1725640923
6.5000000000,51.5000000000,0.0574829612,0.8072224461,0.1352945927
6.5000000000,52.5000000000,0.0559703158,0.8102043791,0.1338253051
6.5000000000,53.5000000000,0.0555467546,0.7891300581,0.1553231874
6.5000000000,58.5000000000,0.1312818207,0.5411737412,0.3275444381
6.5000000000,59.5000000000,0.1993506207,0.4326837657,0.3679656136
6.5000000000,60.5000000000,0.2300316783,0.3988943460,0.3710739757
6.5000000000,61.5000000000,0.2310199347,0.3996126149,0.3693674504
6.5000000000,62.5000000000,0.1754483762,0.4689046236,0.3556470002
7.5000000000,35.5000000000,0.6876555281,0.0574094508,0.2549350211
7.5000000000,36.5000000000,0.5952249376,0.0951153003,0.3096597621
7.5000000000,37.5000000000,0.5045886834,0.1474881153,0.3479232013
7.5000000000,43.5000000000,0.5270451299,0.2448687940,0.2280860761
7.5000000000,44.5000000000,0.6828484903,0.1428924360,0.1742590738
7.5000000000,45.5000000000,0.7385160132,0.1095874324,0.1518965544
7.5000000000,46.5000000000,0.6550897102,0.1653170408,0.1795932490
7.5000000000,47.5000000000,0.3309260480,0.4431370246,0.2259369274
7.5000000000,48.5000000000,0.2200398610,0.5553707941,0.2245893449
7.5000000000,49.5000000000,0.1588034270,0.6395991124,0.2015974606
7.5000000000,50.5000000000,0.1090544447,0.7190597379,0.1718858174
7.5000000000,51.5000000000,0.0819063221,0.7643397103,0.1537539676
7.5000000000,52.5000000000,0.0682628859,0.7794731968,0.1522639172
7.5000000000,53.5000000000,0.0666244385,0.7569512608,0.1764243007
7.5000000000,58.5000000000,0.1468561597,0.5351404823,0.3180033581
7.5000000000,59.5000000000,0.2574630208,0.3883523221,0.3541846571
7.5000000000,60.5000000000,0.3169535631,0.3314098925,0.3516365443
7.5000000000,61.5000000000,0.2958677929,0.3527133613,0.3514188458
7.5000000000,62.5000000000,0.2403969851,0.4099343155,0.3496686994
7.5000000000,63.5000000000,0.1549387826,0.5171491538,0.3279120636
8.5000000000,35.5000000000,0.6539224108,0.0720963179,0.2739812713
8.5000000000,36.5000000000,0.5710376605,0.1108444035,0.3181179360
8.5000000000,37.5000000000,0.4885587792,0.1653990060,0.3460422148
8.5000000000,38.5000000000,0.4803275871,0.1874013412,0.3322710717
8.5000000000,39.5000000000,0.4974140705,0.1961949347,0.3063909949
8.5000000000,40.5000000000,0.5105704380,0.2095700140,0.2798595480
8.5000000000,41.5000000000,0.4789945137,0.2526757909,0.2683296955
8.5000000000,42.5000000000,0.5067854610,0.2497219531,0.2434925860
8.5000000000,43.5000000000,0.4749468934,0.2876232167,0.2374298898
8.5000000000,44.5000000000,0.5145960350,0.2628487223,0.2225552427
8.5000000000,45.5000000000,0.4819631308,0.2904424363,0.2275944329
8.5000000000,46.5000000000,0.6917949529,0.1361805458,0.1720245013
8.5000000000,47.5000000000,0.3623705595,0.4148107869,0.2228186536
8.5000000000,48.5000000000,0.2886245301,0.4872335814,0.2241418886
8.5000000000,49.5000000000,0.1629905028,0.6382199329,0.1987895643
8.5000000000,50.5000000000,0.1337120437,0.6816829718,0.1846049845
8.5000000000,51.5000000000,0.1134550702,0.7075547324,0.1789901974
8.5000000000,52.5000000000,0.0833353988,0.7393776014,0.1772869998
8.5000000000,53.5000000000,0.0786710481,0.7180301781,0.2032987738
8.5000000000,54.5000000000,0.0730200300,0.7101500483,0.2168299216
8.5000000000,55.5000000000,0.0745524956,0.6953158296,0.2301316748
8.5000000000,56.5000000000,0.0785333490,0.6767016965,0.2447649545
8.5000000000,57.5000000000,0.0817565719,0.6705188977,0.2477245304
8.5000000000,58.5000000000,0.1199557407,0.5969983500,0.2830459093
8.5000000000,59.5000000000,0.2135454768,0.4640282045,0.3224263187
8.5000000000,60.5000000000,0.2933839404,0.3785418157,0.3280742439
8.5000000000,61.5000000000,0.3529869788,0.3219883988,0.3250246223
8.5000000000,62.5000000000,0.3017370196,0.3660314334,0.3322315470
8.5000000000,63.5000000000,0.1741832193,0.5073549231,0.3184618576
9.5000000000,35.5000000000,0.5719112275,0.1075807181,0.3205080544
9.5000000000,36.5000000000,0.5423613450,0.1268774142,0.3307612408
9.5000000000,37.5000000000,0.4812330447,0.1720962307,0.3466707246
9.5000000000,39.5000000000,0.4904374117,0.2040035115,0.3055590768
9.5000000000,40.5000000000,0.5036224883,0.2171150599,0.2792624518
9.5000000000,41.5000000000,0.4607954352,0.2681945173,0.2710100475
9.5000000000,42.5000000000,0.4921838670,0.2601352222,0.2476809108
9.5000000000,44.5000000000,0.5288632619,0.2487148793,0.2224218587
9.5000000000,45.5000000000,0.4546971928,0.3079780333,0.2373247739
9.5000000000,46.5000000000,0.7111229615,0.1217064710,0.1671705675
9.5000000000,47.5000000000,0.4381703820,0.3378903216,0.2239392964
9.5000000000,48.5000000000,0.3111590503,0.4617065710,0.2271343787
9.5000000000,49.5000000000,0.2084869873,0.5770401180,0.2144728947
9.5000000000,50.5000000000,0.1668874613,0.6292183392,0.2038941994
9.5000000000,51.5000000000,0.1249602779,0.6850557659,0.1899839561
9.5000000000,52.5000000000,0.0951700248,0.7156446176,0.1891853576
9.5000000000,53.5000000000,0.0865184899,0.7073959562,0.2060855539
9.5000000000,54.5000000000,0.0824744594,0.6946860334,0.2228395072
9.5000000000,55.5000000000,0.0764148153,0.7041029483,0.2194822364
9.5000000000,56.5000000000,0.0863161139,0.6731436658,0.2405402203
9.5000000000,57.5000000000,0.0890996518,0.6691278304,0.2417725178
9.5000000000,58.5000000000,0.0975138985,0.6632293514,0.2392567501
9.5000000000,59.5000000000,0.1568492361,0.5700769003,0.2730738636
9.5000000000,60.5000000000,0.2357816089,0.4686192478,0.2955991433
9.5000000000,61.5000000000,0.3070710968,0.3869958458,0.3059330574
9.5000000000,62.5000000000,0.3376387999,0.3472026955,0.3151585046
9.5000000000,63.5000000000,0.1945954545,0.4923862127,0.3130183327
10.5000000000,35.5000000000,0.4917760717,0.1449973440,0.3632265843
10.5000000000,36.5000000000,0.4870211512,0.1542440020,0.3587348468
10.5000000000,37.5000000000,0.4649942499,0.1777692823,0.3572364678
10.5000000000,42.5000000000,0.3836971106,0.3472259617,0.2690769277
10.5000000000,43.5000000000,0.4190667135,0.3270695260,0.2538637605
10.5000000000,44.5000000000,0.5027438347,0.2611428216,0.2361133437
10.5000000000,45.5000000000,0.4586142984,0.2932711062,0.2481145954
10.5000000000,46.5000000000,0.7501945169,0.0920502453,0.1577552378
10.5000000000,47.5000000000,0.5628181779,0.2204119108,0.2167699113
10.5000000000,48.5000000000,0.3335651665,0.4259796283,0.2404552051
10.5000000000,49.5000000000,0.2526539821,0.5122480827,0.2350979352
10.5000000000,50.5000000000,0.2070022470,0.5673140468,0.2256837061
10.5000000000,51.5000000000,0.1598364551,0.6291499604,0.2110135845
10.5000000000,52.5000000000,0.1134618304,0.6879987818,0.1985393878
10.5000000000,53.5000000000,0.0956511277,0.7039584120,0.2003904603
10.5000000000,54.5000000000,0.0824396899,0.7155808107,0.2019794994
10.5000000000,55.5000000000,0.0704094131,0.7382538288,0.1913367581
10.5000000000,56.5000000000,0.0811571185,0.7040586077,0.2147842738
10.5000000000,57.5000000000,0.0978665389,0.6676269225,0.2345065386
10.5000000000,59.5000000000,0.1262367269,0.6418909725,0.2318723006
10.5000000000,60.5000000000,0.1965048957,0.5416613785,0.2618337259
10.5000000000,61.5000000000,0.2922443285,0.4212719197,0.2864837518
10.5000000000,62.5000000000,0.3110781591,0.3858964237,0.3030254172
10.5000000000,63.5000000000,0.2155244164,0.4813435627,0.3031320209
10.5000000000,64.5000000000,0.1914015885,0.5064819504,0.3021164612
11.5000000000,35.5000000000,0.4663380026,0.1549170624,0.3787449349
11.5000000000,36.5000000000,0.4588562028,0.1673113513,0.3738324459
11.5000000000,42.5000000000,0.3557036635,0.3572048732,0.2870914634
11.5000000000,43.5000000000,0.4246726986,0.3045438799,0.2707834215
11.5000000000,44.5000000000,0.3939329445,0.3341008170,0.2719662385
11.5000000000,45.5000000000,0.4135657093,0.3170232246,0.2694110661
11.5000000000,46.5000000000,0.6478138492,0.1454769596,0.2067091912
11.5000000000,47.5000000000,0.5647792197,0.2080267191,0.2271940612
11.5000000000,48.5000000000,0.3539133615,0.3921474662,0.2539391723
11.5000000000,49.5000000000,0.3094558112,0.4390835762,0.2514606125
11.5000000000,50.5000000000,0.2676132493,0.4853297098,0.2470570409
11.5000000000,51.5000000000,0.1758972725,0.6026705480,0.2214321796
11.5000000000,52.5000000000,0.1368038742,0.6551128805,0.2080832453
11.5000000000,53.5000000000,0.1113899180,0.6869861686,0.2016239134
11.5000000000,54.5000000000,0.0771792511,0.7429820816,0.1798386673
11.5000000000,55.5000000000,0.0724274353,0.7455599520,0.1820126128
11.5000000000,57.5000000000,0.0901365339,0.7010456495,0.2088178166
11.5000000000,58.5000000000,0.1163475898,0.6637182405,0.2199341697
11.5000000000,59.5000000000,0.1526815598,0.6139789921,0.2333394480
11.5000000000,60.5000000000,0.1992881085,0.5512321790,0.2494797125
11.5000000000,61.5000000000,0.2827047786,0.4461063419,0.2711888794
11.5000000000,62.5000000000,0.3296291112,0.3867897155,0.2835811733
11.5000000000,63.5000000000,0.2519836836,0.4580448650,0.2899714514
11.5000000000,64.5000000000,0.2048124645,0.5058390377,0.2893484978
11.5000000000,65.5000000000,0.1755763820,0.5355224506,0.2889011674
12.5000000000,37.5000000000,0.4358790268,0.1867516906,0.3773692826
12.5000000000,38.5000000000,0.3997886052,0.2301769327,0.3700344621
12.5000000000,41.5000000000,0.2961490510,0.3846938806,0.3191570684
12.5000000000,42.5000000000,0.3653619370,0.3255715736,0.3090664894
12.5000000000,43.5000000000,0.3956344478,0.3064658681,0.2978996841
12.5000000000,44.5000000000,0.3267216559,0.3724839370,0.3007944071
12.5000000000,45.5000000000,0.3390047147,0.3644454672,0.2965498181
12.5000000000,46.5000000000,0.6211349852,0.1529849382,0.2258800766
12.5000000000,47.5000000000,0.5834723073,0.1851874732,0.2313402194
12.5000000000,48.5000000000,0.3720966701,0.3645420055,0.2633613243
12.5000000000,49.5000000000,0.3691656399,0.3705158519,0.2603185082
12.5000000000,50.5000000000,0.3210331702,0.4243075091,0.2546593207
12.5000000000,51.5000000000,0.2079468638,0.5562843177,0.2357688185
12.5000000000,52.5000000000,0.1772091013,0.5923108072,0.2304800915
12.5000000000,53.5000000000,0.1393074252,0.6419721636,0.2187204112
12.5000000000,54.5000000000,0.1111982729,0.6720721780,0.2167295491
12.5000000000,55.5000000000,0.0855456897,0.7189650909,0.1954892194
12.5000000000,56.5000000000,0.1010476701,0.6809327558,0.2180195741
12.5000000000,57.5000000000,0.1325877463,0.6246314165,0.2427808372
12.5000000000,58.5000000000,0.1426509271,0.6287811498,0.2285679231
12.5000000000,59.5000000000,0.1808407337,0.5844173032,0.2347419630
12.5000000000,60.5000000000,0.2373693344,0.5160451268,0.2465855388
12.5000000000,61.5000000000,0.3089589089,0.4326552346,0.2583858565
12.5000000000,62.5000000000,0.3559021637,0.3812994309,0.2627984054
12.5000000000,63.5000000000,0.3089638440,0.4179981172,0.2730380388
12.5000000000,64.5000000000,0.2508304128,0.4710925927,0.2780769945
12.5000000000,65.5000000000,0.2104689953,0.5059855218,0.2835454829
12.5000000000,66.5000000000,0.1669944018,0.5508006325,0.2822049657
12.5000000000,67.5000000000,0.1589159669,0.5533962343,0.2876877988
13.5000000000,37.5000000000,0.4748989721,0.1612731479,0.3638278799
13.5000000000,38.5000000000,0.3926151678,0.2308463509,0.3765384813
13.5000000000,41.5000000000,0.3828399233,0.2879458254,0.3292142514
13.5000000000,42.5000000000,0.4553355407,0.2370330522,0.3076314072
13.5000000000,43.5000000000,0.3236697813,0.3493808822,0.3269493365
13.5000000000,44.5000000000,0.3209445580,0.3532548084,0.3258006336
13.5000000000,45.5000000000,0.3521833032,0.3306766074,0.3171400894
13.5000000000,46.5000000000,0.5470463141,0.1897494201,0.2632042657
13.5000000000,47.5000000000,0.5866508387,0.1731176578,0.2402315035
13.5000000000,48.5000000000,0.4127470476,0.3193372697,0.2679156827
13.5000000000,49.5000000000,0.4078612244,0.3285908050,0.2635479705
13.5000000000,50.5000000000,0.3465719620,0.3936382640,0.2597897739
13.5000000000,51.5000000000,0.2388998614,0.5135011706,0.2475989680
13.5000000000,52.5000000000,0.2008763325,0.5563052090,0.2428184585
13.5000000000,53.5000000000,0.1607202374,0.6032784406,0.2360013220
13.5000000000,54.5000000000,0.1379906711,0.6197528437,0.2422564852
13.5000000000,55.5000000000,0.1110318573,0.6705210990,0.2184470437
13.5000000000,56.5000000000,0.1458170493,0.6139148481,0.2402681026
13.5000000000,57.5000000000,0.1838069937,0.5642138746,0.2519791317
13.5000000000,58.5000000000,0.1820324557,0.5861507859,0.2318167584
13.5000000000,59.5000000000,0.2039408925,0.5693807079,0.2266783996
13.5000000000,60.5000000000,0.2693506573,0.4948648297,0.2357845131
13.5000000000,61.5000000000,0.3174030485,0.4402582400,0.2423387116
13.5000000000,62.5000000000,0.3358197987,0.4220428245,0.2421373769
13.5000000000,63.5000000000,0.3078083204,0.4457767568,0.2464149228
13.5000000000,64.5000000000,0.2940503305,0.4482528270,0.2576968425
13.5000000000,65.5000000000,0.2711087920,0.4552714446,0.2736197634
13.5000000000,66.5000000000,0.2075558478,0.5124347245,0.2800094277
13.5000000000,67.5000000000,0.1573350696,0.5660306222,0.2766343082
13.5000000000,68.5000000000,0.1514333632,0.5716265411,0.2769400957
14.5000000000,35.5000000000,0.4294615372,0.1665939993,0.4039444635
14.5000000000,36.5000000000,0.4237440957,0.1789091643,0.3973467400
14.5000000000,37.5000000000,0.5059773695,0.1411067855,0.3529158450
14.5000000000,38.5000000000,0.3940631096,0.2232252309,0.3827116595
14.5000000000,40.5000000000,0.3526654332,0.2884141546,0.3589204122
14.5000000000,41.5000000000,0.4199819340,0.2461757860,0.3338422800
14.5000000000,42.5000000000,0.3224606523,0.3329764582,0.3445628894
14.5000000000,44.5000000000,0.3273740815,0.3300535367,0.3425723818
14.5000000000,45.5000000000,0.4374317609,0.2455983148,0.3169699243
14.5000000000,46.5000000000,0.4874511171,0.2185014239,0.2940474590
14.5000000000,47.5000000000,0.5571920056,0.1797778294,0.2630301650
14.5000000000,48.5000000000,0.4214998308,0.2915929550,0.2869072142
14.5000000000,49.5000000000,0.3897236081,0.3288246227,0.2814517692
14.5000000000,50.5000000000,0.3172340917,0.4154796750,0.2672862333
14.5000000000,51.5000000000,0.2521992866,0.4921697972,0.2556309162
14.5000000000,52.5000000000,0.2119297774,0.5352975140,0.2527727086
14.5000000000,53.5000000000,0.1819523735,0.5594981715,0.2585494549
14.5000000000,54.5000000000,0.1661019766,0.5708748425,0.2630231809
14.5000000000,55.5000000000,0.1304263390,0.6409621327,0.2286115283
14.5000000000,56.5000000000,0.1722352391,0.5847520218,0.2430127391
14.5000000000,57.5000000000,0.2191992022,0.5339925045,0.2468082933
14.5000000000,58.5000000000,0.2143407578,0.5619393414,0.2237199008
14.5000000000,59.5000000000,0.2454472497,0.5391991083,0.2153536420
14.5000000000,60.5000000000,0.2854094400,0.4981073398,0.2164832202
14.5000000000,61.5000000000,0.3156414962,0.4668772916,0.2174812122
14.5000000000,62.5000000000,0.3034064522,0.4795397983,0.2170537495
14.5000000000,63.5000000000,0.2778735364,0.5023347835,0.2197916802
14.5000000000,64.5000000000,0.3083494840,0.4529420047,0.2387085113
14.5000000000,65.5000000000,0.3150317206,0.4254968155,0.2594714639
14.5000000000,66.5000000000,0.2757800380,0.4484887831,0.2757311788
14.5000000000,67.5000000000,0.1685444927,0.5630687234,0.2683867839
14.5000000000,68.5000000000,0.1555546107,0.5763740561,0.2680713332
15.5000000000,36.5000000000,0.4089452628,0.1844121823,0.4066425548
15.5000000000,37.5000000000,0.4184316505,0.1878346243,0.3937337253
15.5000000000,38.5000000000,0.4136671456,0.2045223723,0.3818104821
15.5000000000,39.5000000000,0.3762673910,0.2493119100,0.3744206990
15.5000000000,40.5000000000,0.4767412790,0.1918760541,0.3313826668
15.5000000000,41.5000000000,0.3827209038,0.2710335000,0.3462455962
15.5000000000,43.5000000000,0.3290957219,0.3207898138,0.3501144643
15.5000000000,44.5000000000,0.4335286171,0.2366168465,0.3298545364
15.5000000000,45.5000000000,0.3925836784,0.2706006967,0.3368156250
15.5000000000,46.5000000000,0.4158295869,0.2601048073,0.3240656058
15.5000000000,47.5000000000,0.4884631929,0.2151747727,0.2963620344
15.5000000000,48.5000000000,0.3832228781,0.3102551158,0.3065220061
15.5000000000,49.5000000000,0.3934377447,0.3157001023,0.2908621530
15.5000000000,50.5000000000,0.3369055543,0.3907775052,0.2723169405
15.5000000000,51.5000000000,0.2630331071,0.4726322821,0.2643346108
15.5000000000,52.5000000000,0.2225718810,0.5139675309,0.2634605881
15.5000000000,53.5000000000,0.2060080249,0.5202877358,0.2737042393
15.5000000000,54.5000000000,0.1891996928,0.5308494639,0.2799508433
15.5000000000,55.5000000000,0.1585838555,0.5940443858,0.2473717587
15.5000000000,56.5000000000,0.2071262939,0.5398547503,0.2530189558
15.5000000000,57.5000000000,0.2490822210,0.5098401980,0.2410775810
15.5000000000,58.5000000000,0.2298186007,0.5631565357,0.2070248636
15.5000000000,59.5000000000,0.2490086624,0.5549594437,0.1960318939
15.5000000000,60.5000000000,0.2847718715,0.5214618317,0.1937662968
15.5000000000,61.5000000000,0.2954387939,0.5106213371,0.1939398690
15.5000000000,62.5000000000,0.2936002103,0.5075800713,0.1988197185
15.5000000000,63.5000000000,0.2786355748,0.5154419078,0.2059225174
15.5000000000,64.5000000000,0.2857051628,0.4900936087,0.2242012286
15.5000000000,65.5000000000,0.3135340597,0.4426357387,0.2438302017
15.5000000000,66.5000000000,0.3224150494,0.4173549653,0.2602299853
15.5000000000,67.5000000000,0.2121241422,0.5246350025,0.2632408553
15.5000000000,68.5000000000,0.1725566690,0.5686578250,0.2587855060
15.5000000000,69.5000000000,0.1538445292,0.5918416903,0.2543137804
16.5000000000,37.5000000000,0.3906567207,0.2027994620,0.4065438173
16.5000000000,38.5000000000,0.4227164972,0.1957272774,0.3815562254
16.5000000000,39.5000000000,0.4860579085,0.1720043738,0.3419377176
16.5000000000,40.5000000000,0.4378235386,0.2178323018,0.3443441596
16.5000000000,41.5000000000,0.3708862351,0.2813224525,0.3477913124
16.5000000000,42.5000000000,0.3571441874,0.2979329412,0.3449228713
16.5000000000,43.5000000000,0.4132247557,0.2559394079,0.3308358364
16.5000000000,44.5000000000,0.4873916674,0.2033269368,0.3092813958
16.5000000000,45.5000000000,0.3720609636,0.2888734095,0.3390656269
16.5000000000,46.5000000000,0.3724939733,0.2920416616,0.3354643651
16.5000000000,47.5000000000,0.3584976858,0.3114570184,0.3300452958
16.5000000000,48.5000000000,0.3136281510,0.3639536251,0.3224182239
16.5000000000,49.5000000000,0.3610440084,0.3399541262,0.2990018653
16.5000000000,50.5000000000,0.3323568119,0.3941104942,0.2735326939
16.5000000000,51.5000000000,0.2440768405,0.4929514128,0.2629717467
16.5000000000,52.5000000000,0.2181341104,0.5169405484,0.2649253412
16.5000000000,53.5000000000,0.2210669000,0.4969376862,0.2819954138
16.5000000000,54.5000000000,0.2130849858,0.4909845805,0.2959304337
16.5000000000,56.5000000000,0.2046761041,0.5494557665,0.2458681294
16.5000000000,57.5000000000,0.2440643526,0.5274936330,0.2284420144
16.5000000000,58.5000000000,0.2422604424,0.5639107851,0.1938287725
16.5000000000,59.5000000000,0.2556595205,0.5620460094,0.1822944701
16.5000000000,60.5000000000,0.2792163237,0.5408994764,0.1798841999
16.5000000000,61.5000000000,0.2785386477,0.5438067902,0.1776545621
16.5000000000,62.5000000000,0.2907403545,0.5229236977,0.1863359479
16.5000000000,63.5000000000,0.2772053192,0.5250095127,0.1977851681
16.5000000000,64.5000000000,0.2867212604,0.4984201921,0.2148585475
16.5000000000,65.5000000000,0.2990284425,0.4709341506,0.2300374068
16.5000000000,66.5000000000,0.3305102500,0.4244834810,0.2450062690
16.5000000000,67.5000000000,0.3125642182,0.4324427753,0.2549930065
16.5000000000,68.5000000000,0.2001013487,0.5490396288,0.2508590225
16.5000000000,69.5000000000,0.1678828318,0.5853981287,0.2467190396
17.5000000000,38.5000000000,0.3899928168,0.2162716621,0.3937355211
17.5000000000,39.5000000000,0.3980246798,0.2286914610,0.3732838592
17.5000000000,40.5000000000,0.4105925944,0.2397848006,0.3496226051
17.5000000000,41.5000000000,0.3888031741,0.2736945062,0.3375023197
17.5000000000,42.5000000000,0.3952687107,0.2755381096,0.3291931798
17.5000000000,43.5000000000,0.5269912397,0.1870226033,0.2859861570
17.5000000000,44.5000000000,0.4901722131,0.2149625091,0.2948652779
17.5000000000,45.5000000000,0.3819680338,0.2970005348,0.3210314314
17.5000000000,46.5000000000,0.3590631525,0.3177185566,0.3232182909
17.5000000000,47.5000000000,0.3365236207,0.3379643135,0.3255120658
17.5000000000,48.5000000000,0.3191941270,0.3632668822,0.3175389908
17.5000000000,49.5000000000,0.3251599665,0.3826347581,0.2922052754
17.5000000000,50.5000000000,0.2894503669,0.4370240794,0.2735255537
17.5000000000,51.5000000000,0.2367153271,0.5023912933,0.2608933796
17.5000000000,52.5000000000,0.2103972207,0.5312045520,0.2583982273
17.5000000000,53.5000000000,0.2203676585,0.5038360985,0.2757962429
17.5000000000,54.5000000000,0.2332978841,0.4728219787,0.2938801372
17.5000000000,57.5000000000,0.2210866669,0.5819456372,0.1969676959
17.5000000000,58.5000000000,0.2461642790,0.5733099837,0.1805257373
17.5000000000,59.5000000000,0.2567324494,0.5746017774,0.1686657732
